Columns:
Temp (°C)
Density (kg/m3)
ρ∂/∂t (kg/m3⋅°C) 
Viscosity (Pa⋅s)
∂μ/∂t (Pa⋅s/°C) 
ν = μ/ρ (m2/s)
∂ν/∂t (m2/s⋅°C) 
Pressure pv (MPa)
∂pv/∂t (MPa/°C)


0.1 999.8498 0 0.06593 0.001786 0 1.7858E-06 0 6.1567E-04 0
0.2 999.8563 0.06412 0.001779 -6.174E-05 1.7796E-06 -6.186E-08 6.2015E-04 4.499E-05
0.3 999.8626 0.06232 0.001773 -6.140E-05 1.7734E-06 -6.152E-08 6.2467E-04 4.528E-05
0.4 999.8687 0.06052 0.001767 -6.106E-05 1.7673E-06 -6.118E-08 6.2921E-04 4.557E-05
0.5 999.8747 0.05873 0.001761 -6.072E-05 1.7612E-06 -6.084E-08 6.3378E-04 4.587E-05
0.6 999.8805 0.05694 0.001755 -6.039E-05 1.7551E-06 -6.050E-08 6.3838E-04 4.616E-05
0.7 999.8861 0.05516 0.001749 -6.006E-05 1.7491E-06 -6.016E-08 6.4301E-04 4.646E-05
0.8 999.8915 0.05339 0.001743 -5.973E-05 1.7431E-06 -5.983E-08 6.4767E-04 4.676E-05
0.9 999.8968 0.05162 0.001737 -5.940E-05 1.7371E-06 -5.950E-08 6.5236E-04 4.706E-05
1.0 999.9018 0.04986 0.001731 -5.908E-05 1.7312E-06 -5.917E-08 6.5709E-04 4.736E-05
1.1 999.9067 0.04810 0.001725 -5.876E-05 1.7253E-06 -5.885E-08 6.6184E-04 4.766E-05
1.2 999.9115 0.04635 0.001719 -5.844E-05 1.7194E-06 -5.852E-08 6.6662E-04 4.797E-05
1.3 999.9160 0.04461 0.001713 -5.812E-05 1.7136E-06 -5.820E-08 6.7143E-04 4.828E-05
1.4 999.9204 0.04287 0.001708 -5.781E-05 1.7078E-06 -5.789E-08 6.7627E-04 4.858E-05
1.5 999.9246 0.04114 0.001702 -5.750E-05 1.7020E-06 -5.757E-08 6.8115E-04 4.889E-05
1.6 999.9286 0.03942 0.001696 -5.719E-05 1.6963E-06 -5.726E-08 6.8605E-04 4.921E-05
1.7 999.9325 0.03770 0.001690 -5.688E-05 1.6906E-06 -5.695E-08 6.9099E-04 4.952E-05
1.8 999.9362 0.03598 0.001685 -5.657E-05 1.6849E-06 -5.664E-08 6.9596E-04 4.983E-05
1.9 999.9397 0.03427 0.001679 -5.627E-05 1.6792E-06 -5.633E-08 7.0095E-04 5.015E-05
2.0 999.9430 0.03257 0.001674 -5.597E-05 1.6736E-06 -5.603E-08 7.0599E-04 5.047E-05
2.1 999.9462 0.03087 0.001668 -5.567E-05 1.6680E-06 -5.573E-08 7.1105E-04 5.079E-05
2.2 999.9492 0.02918 0.001662 -5.538E-05 1.6625E-06 -5.543E-08 7.1614E-04 5.111E-05
2.3 999.9520 0.02749 0.001657 -5.508E-05 1.6569E-06 -5.513E-08 7.2127E-04 5.144E-05
2.4 999.9547 0.02581 0.001651 -5.479E-05 1.6514E-06 -5.483E-08 7.2643E-04 5.176E-05
2.5 999.9572 0.02414 0.001646 -5.450E-05 1.6460E-06 -5.454E-08 7.3162E-04 5.209E-05
2.6 999.9595 0.02247 0.001640 -5.421E-05 1.6405E-06 -5.425E-08 7.3685E-04 5.242E-05
2.7 999.9617 0.02080 0.001635 -5.392E-05 1.6351E-06 -5.396E-08 7.4211E-04 5.275E-05
2.8 999.9637 0.01915 0.001630 -5.364E-05 1.6297E-06 -5.367E-08 7.4740E-04 5.308E-05
2.9 999.9655 0.01749 0.001624 -5.336E-05 1.6244E-06 -5.339E-08 7.5272E-04 5.342E-05
3.0 999.9672 0.01584 0.001619 -5.308E-05 1.6191E-06 -5.311E-08 7.5808E-04 5.375E-05
3.1 999.9687 0.01420 0.001614 -5.280E-05 1.6138E-06 -5.283E-08 7.6347E-04 5.409E-05
3.2 999.9700 0.01256 0.001608 -5.253E-05 1.6085E-06 -5.255E-08 7.6890E-04 5.443E-05
3.3 999.9712 0.01093 0.001603 -5.225E-05 1.6033E-06 -5.227E-08 7.7436E-04 5.477E-05
3.4 999.9722 0.00931 0.001598 -5.198E-05 1.5980E-06 -5.200E-08 7.7985E-04 5.511E-05
3.5 999.9730 0.00768 0.001593 -5.171E-05 1.5929E-06 -5.172E-08 7.8538E-04 5.546E-05
3.6 999.9737 0.00607 0.001588 -5.144E-05 1.5877E-06 -5.145E-08 7.9094E-04 5.581E-05
3.7 999.9743 0.00446 0.001583 -5.118E-05 1.5826E-06 -5.118E-08 7.9654E-04 5.616E-05
3.8 999.9746 0.00285 0.001577 -5.091E-05 1.5775E-06 -5.092E-08 8.0218E-04 5.651E-05
3.9 999.9748 0.00125 0.001572 -5.065E-05 1.5724E-06 -5.065E-08 8.0784E-04 5.686E-05
4.0 999.9749 -0.00035 0.001567 -5.039E-05 1.5673E-06 -5.039E-08 8.1355E-04 5.722E-05
4.1 999.9748 -0.00194 0.001562 -5.013E-05 1.5623E-06 -5.013E-08 8.1929E-04 5.757E-05
4.2 999.9745 -0.00353 0.001557 -4.987E-05 1.5573E-06 -4.987E-08 8.2506E-04 5.793E-05
4.3 999.9741 -0.00511 0.001552 -4.962E-05 1.5523E-06 -4.961E-08 8.3087E-04 5.829E-05
4.4 999.9735 -0.00668 0.001547 -4.936E-05 1.5474E-06 -4.935E-08 8.3672E-04 5.865E-05
4.5 999.9727 -0.00826 0.001542 -4.911E-05 1.5425E-06 -4.910E-08 8.4260E-04 5.902E-05
4.6 999.9718 -0.00982 0.001538 -4.886E-05 1.5376E-06 -4.885E-08 8.4853E-04 5.939E-05
4.7 999.9708 -0.01138 0.001533 -4.861E-05 1.5327E-06 -4.860E-08 8.5448E-04 5.975E-05
4.8 999.9695 -0.01294 0.001528 -4.837E-05 1.5278E-06 -4.835E-08 8.6048E-04 6.012E-05
4.9 999.9682 -0.01449 0.001523 -4.812E-05 1.5230E-06 -4.810E-08 8.6651E-04 6.050E-05
5.0 999.9666 -0.01604 0.001518 -4.788E-05 1.5182E-06 -4.786E-08 8.7258E-04 6.087E-05
5.1 999.9650 -0.01758 0.001513 -4.764E-05 1.5135E-06 -4.761E-08 8.7868E-04 6.125E-05
5.2 999.9631 -0.01912 0.001509 -4.740E-05 1.5087E-06 -4.737E-08 8.8482E-04 6.163E-05
5.3 999.9611 -0.02066 0.001504 -4.716E-05 1.5040E-06 -4.713E-08 8.9101E-04 6.201E-05
5.4 999.9590 -0.02218 0.001499 -4.692E-05 1.4993E-06 -4.689E-08 8.9723E-04 6.239E-05
5.5 999.9567 -0.02371 0.001495 -4.669E-05 1.4946E-06 -4.666E-08 9.0348E-04 6.277E-05
5.6 999.9542 -0.02523 0.001490 -4.646E-05 1.4899E-06 -4.642E-08 9.0978E-04 6.316E-05
5.7 999.9517 -0.02674 0.001485 -4.622E-05 1.4853E-06 -4.619E-08 9.1612E-04 6.355E-05
5.8 999.9489 -0.02825 0.001481 -4.599E-05 1.4807E-06 -4.596E-08 9.2249E-04 6.394E-05
5.9 999.9460 -0.02976 0.001476 -4.577E-05 1.4761E-06 -4.572E-08 9.2890E-04 6.433E-05
6.0 999.9429 -0.03126 0.001471 -4.554E-05 1.4716E-06 -4.550E-08 9.3536E-04 6.472E-05
6.1 999.9397 -0.03276 0.001467 -4.531E-05 1.4670E-06 -4.527E-08 9.4185E-04 6.512E-05
6.2 999.9364 -0.03425 0.001462 -4.509E-05 1.4625E-06 -4.504E-08 9.4838E-04 6.552E-05
6.3 999.9329 -0.03574 0.001458 -4.487E-05 1.4580E-06 -4.482E-08 9.5495E-04 6.592E-05
6.4 999.9292 -0.03722 0.001453 -4.465E-05 1.4535E-06 -4.460E-08 9.6156E-04 6.632E-05
6.5 999.9255 -0.03870 0.001449 -4.443E-05 1.4491E-06 -4.437E-08 9.6822E-04 6.673E-05
6.6 999.9215 -0.04018 0.001445 -4.421E-05 1.4447E-06 -4.416E-08 9.7491E-04 6.713E-05
6.7 999.9174 -0.04165 0.001440 -4.399E-05 1.4403E-06 -4.394E-08 9.8164E-04 6.754E-05
6.8 999.9132 -0.04311 0.001436 -4.378E-05 1.4359E-06 -4.372E-08 9.8842E-04 6.796E-05
6.9 999.9088 -0.04458 0.001431 -4.357E-05 1.4315E-06 -4.351E-08 9.9523E-04 6.837E-05
7.0 999.9043 -0.04603 0.001427 -4.335E-05 1.4272E-06 -4.329E-08 1.0021E-03 6.878E-05
7.1 999.8996 -0.04749 0.001423 -4.314E-05 1.4229E-06 -4.308E-08 1.0090E-03 6.920E-05
7.2 999.8948 -0.04894 0.001418 -4.293E-05 1.4186E-06 -4.287E-08 1.0159E-03 6.962E-05
7.3 999.8898 -0.05038 0.001414 -4.273E-05 1.4143E-06 -4.266E-08 1.0229E-03 7.004E-05
7.4 999.8847 -0.05182 0.001410 -4.252E-05 1.4100E-06 -4.245E-08 1.0299E-03 7.047E-05
7.5 999.8794 -0.05326 0.001406 -4.231E-05 1.4058E-06 -4.224E-08 1.0370E-03 7.090E-05
7.6 999.8740 -0.05469 0.001401 -4.211E-05 1.4016E-06 -4.204E-08 1.0441E-03 7.132E-05
7.7 999.8685 -0.05612 0.001397 -4.191E-05 1.3974E-06 -4.183E-08 1.0513E-03 7.175E-05
7.8 999.8628 -0.05755 0.001393 -4.171E-05 1.3932E-06 -4.163E-08 1.0585E-03 7.219E-05
7.9 999.8570 -0.05897 0.001389 -4.151E-05 1.3891E-06 -4.143E-08 1.0657E-03 7.262E-05
8.0 999.8510 -0.06039 0.001385 -4.131E-05 1.3849E-06 -4.123E-08 1.0730E-03 7.306E-05
8.1 999.8449 -0.06180 0.001381 -4.111E-05 1.3808E-06 -4.103E-08 1.0803E-03 7.350E-05
8.2 999.8387 -0.06321 0.001377 -4.092E-05 1.3767E-06 -4.083E-08 1.0877E-03 7.394E-05
8.3 999.8323 -0.06461 0.001372 -4.072E-05 1.3727E-06 -4.064E-08 1.0951E-03 7.439E-05
8.4 999.8257 -0.06601 0.001368 -4.053E-05 1.3686E-06 -4.044E-08 1.1026E-03 7.483E-05
8.5 999.8191 -0.06741 0.001364 -4.033E-05 1.3646E-06 -4.025E-08 1.1101E-03 7.528E-05
8.6 999.8123 -0.06880 0.001360 -4.014E-05 1.3605E-06 -4.006E-08 1.1176E-03 7.574E-05
8.7 999.8053 -0.07019 0.001356 -3.995E-05 1.3566E-06 -3.987E-08 1.1252E-03 7.619E-05
8.8 999.7982 -0.07158 0.001352 -3.977E-05 1.3526E-06 -3.968E-08 1.1329E-03 7.664E-05
8.9 999.7910 -0.07296 0.001348 -3.958E-05 1.3486E-06 -3.949E-08 1.1406E-03 7.710E-05
9.0 999.7836 -0.07434 0.001344 -3.939E-05 1.3447E-06 -3.930E-08 1.1483E-03 7.756E-05
9.1 999.7761 -0.07571 0.001340 -3.921E-05 1.3408E-06 -3.911E-08 1.1561E-03 7.803E-05
9.2 999.7685 -0.07708 0.001337 -3.902E-05 1.3369E-06 -3.893E-08 1.1639E-03 7.849E-05
9.3 999.7607 -0.07845 0.001333 -3.884E-05 1.3330E-06 -3.875E-08 1.1718E-03 7.896E-05
9.4 999.7528 -0.07981 0.001329 -3.866E-05 1.3291E-06 -3.856E-08 1.1797E-03 7.943E-05
9.5 999.7447 -0.08117 0.001325 -3.848E-05 1.3253E-06 -3.838E-08 1.1877E-03 7.990E-05
9.6 999.7366 -0.08252 0.001321 -3.830E-05 1.3214E-06 -3.820E-08 1.1957E-03 8.038E-05
9.7 999.7282 -0.08387 0.001317 -3.812E-05 1.3176E-06 -3.802E-08 1.2037E-03 8.085E-05
9.8 999.7198 -0.08522 0.001313 -3.795E-05 1.3138E-06 -3.785E-08 1.2118E-03 8.133E-05
9.9 999.7112 -0.08657 0.001310 -3.777E-05 1.3100E-06 -3.767E-08 1.2200E-03 8.182E-05
10.0 999.7025 -0.08791 0.001306 -3.760E-05 1.3063E-06 -3.749E-08 1.2282E-03 8.230E-05
10.1 999.6936 -0.08924 0.001302 -3.742E-05 1.3025E-06 -3.732E-08 1.2365E-03 8.279E-05
10.2 999.6846 -0.09058 0.001298 -3.725E-05 1.2988E-06 -3.715E-08 1.2448E-03 8.328E-05
10.3 999.6755 -0.09191 0.001295 -3.708E-05 1.2951E-06 -3.697E-08 1.2531E-03 8.377E-05
10.4 999.6662 -0.09323 0.001291 -3.691E-05 1.2914E-06 -3.680E-08 1.2615E-03 8.426E-05
10.5 999.6569 -0.09456 0.001287 -3.674E-05 1.2878E-06 -3.663E-08 1.2700E-03 8.476E-05
10.6 999.6473 -0.09588 0.001284 -3.657E-05 1.2841E-06 -3.646E-08 1.2785E-03 8.526E-05
10.7 999.6377 -0.09719 0.001280 -3.641E-05 1.2805E-06 -3.629E-08 1.2870E-03 8.576E-05
10.8 999.6279 -0.09850 0.001276 -3.624E-05 1.2768E-06 -3.613E-08 1.2956E-03 8.627E-05
10.9 999.6180 -0.09981 0.001273 -3.608E-05 1.2732E-06 -3.596E-08 1.3043E-03 8.677E-05
11.0 999.6079 -0.10112 0.001269 -3.591E-05 1.2697E-06 -3.580E-08 1.3130E-03 8.728E-05
11.1 999.5978 -0.10242 0.001266 -3.575E-05 1.2661E-06 -3.563E-08 1.3217E-03 8.779E-05
11.2 999.5874 -0.10372 0.001262 -3.559E-05 1.2625E-06 -3.547E-08 1.3305E-03 8.831E-05
11.3 999.5770 -0.10502 0.001258 -3.543E-05 1.2590E-06 -3.531E-08 1.3394E-03 8.883E-05
11.4 999.5664 -0.10631 0.001255 -3.527E-05 1.2555E-06 -3.515E-08 1.3483E-03 8.935E-05
11.5 999.5558 -0.10760 0.001251 -3.511E-05 1.2520E-06 -3.499E-08 1.3573E-03 8.987E-05
11.6 999.5449 -0.10888 0.001248 -3.495E-05 1.2485E-06 -3.483E-08 1.3663E-03 9.039E-05
11.7 999.5340 -0.11016 0.001244 -3.479E-05 1.2450E-06 -3.467E-08 1.3753E-03 9.092E-05
11.8 999.5229 -0.11144 0.001241 -3.464E-05 1.2415E-06 -3.452E-08 1.3845E-03 9.145E-05
11.9 999.5117 -0.11272 0.001237 -3.448E-05 1.2381E-06 -3.436E-08 1.3936E-03 9.198E-05
12.0 999.5004 -0.11399 0.001234 -3.433E-05 1.2347E-06 -3.420E-08 1.4028E-03 9.252E-05
12.1 999.4889 -0.11526 0.001231 -3.417E-05 1.2312E-06 -3.405E-08 1.4121E-03 9.306E-05
12.2 999.4773 -0.11652 0.001227 -3.402E-05 1.2279E-06 -3.390E-08 1.4215E-03 9.360E-05
12.3 999.4656 -0.11779 0.001224 -3.387E-05 1.2245E-06 -3.375E-08 1.4308E-03 9.414E-05
12.4 999.4537 -0.11904 0.001220 -3.372E-05 1.2211E-06 -3.359E-08 1.4403E-03 9.469E-05
12.5 999.4418 -0.12030 0.001217 -3.357E-05 1.2177E-06 -3.344E-08 1.4498E-03 9.524E-05
12.6 999.4297 -0.12155 0.001214 -3.342E-05 1.2144E-06 -3.329E-08 1.4593E-03 9.579E-05
12.7 999.4175 -0.12280 0.001210 -3.328E-05 1.2111E-06 -3.315E-08 1.4689E-03 9.634E-05
12.8 999.4051 -0.12405 0.001207 -3.313E-05 1.2078E-06 -3.300E-08 1.4786E-03 9.690E-05
12.9 999.3927 -0.12529 0.001204 -3.298E-05 1.2045E-06 -3.285E-08 1.4883E-03 9.746E-05
13.0 999.3801 -0.12653 0.001200 -3.284E-05 1.2012E-06 -3.271E-08 1.4981E-03 9.802E-05
13.1 999.3673 -0.12777 0.001197 -3.269E-05 1.1979E-06 -3.256E-08 1.5079E-03 9.859E-05
13.2 999.3545 -0.12900 0.001194 -3.255E-05 1.1947E-06 -3.242E-08 1.5178E-03 9.916E-05
13.3 999.3415 -0.13024 0.001191 -3.241E-05 1.1915E-06 -3.228E-08 1.5278E-03 9.973E-05
13.4 999.3285 -0.13146 0.001187 -3.227E-05 1.1882E-06 -3.213E-08 1.5378E-03 1.003E-04
13.5 999.3153 -0.13269 0.001184 -3.213E-05 1.1850E-06 -3.199E-08 1.5478E-03 1.009E-04
13.6 999.3019 -0.13391 0.001181 -3.199E-05 1.1818E-06 -3.185E-08 1.5579E-03 1.015E-04
13.7 999.2885 -0.13513 0.001178 -3.185E-05 1.1787E-06 -3.171E-08 1.5681E-03 1.020E-04
13.8 999.2749 -0.13634 0.001175 -3.171E-05 1.1755E-06 -3.157E-08 1.5783E-03 1.026E-04
13.9 999.2612 -0.13756 0.001171 -3.157E-05 1.1724E-06 -3.144E-08 1.5886E-03 1.032E-04
14.0 999.2474 -0.13877 0.001168 -3.144E-05 1.1692E-06 -3.130E-08 1.5990E-03 1.038E-04
14.1 999.2335 -0.13997 0.001165 -3.130E-05 1.1661E-06 -3.116E-08 1.6094E-03 1.044E-04
14.2 999.2194 -0.14118 0.001162 -3.117E-05 1.1630E-06 -3.103E-08 1.6199E-03 1.050E-04
14.3 999.2052 -0.14238 0.001159 -3.103E-05 1.1599E-06 -3.089E-08 1.6304E-03 1.056E-04
14.4 999.1909 -0.14358 0.001156 -3.090E-05 1.1568E-06 -3.076E-08 1.6410E-03 1.062E-04
14.5 999.1765 -0.14477 0.001153 -3.077E-05 1.1537E-06 -3.062E-08 1.6516E-03 1.068E-04
14.6 999.1620 -0.14597 0.001150 -3.064E-05 1.1507E-06 -3.049E-08 1.6623E-03 1.074E-04
14.7 999.1473 -0.14716 0.001147 -3.050E-05 1.1476E-06 -3.036E-08 1.6731E-03 1.080E-04
14.8 999.1325 -0.14834 0.001144 -3.037E-05 1.1446E-06 -3.023E-08 1.6839E-03 1.086E-04
14.9 999.1176 -0.14953 0.001141 -3.024E-05 1.1416E-06 -3.010E-08 1.6948E-03 1.092E-04
15.0 999.1026 -0.15071 0.001138 -3.012E-05 1.1386E-06 -2.997E-08 1.7058E-03 1.099E-04
15.1 999.0875 -0.15189 0.001135 -2.999E-05 1.1356E-06 -2.984E-08 1.7168E-03 1.105E-04
15.2 999.0722 -0.15306 0.001132 -2.986E-05 1.1326E-06 -2.971E-08 1.7279E-03 1.111E-04
15.3 999.0569 -0.15423 0.001129 -2.973E-05 1.1297E-06 -2.959E-08 1.7390E-03 1.117E-04
15.4 999.0414 -0.15540 0.001126 -2.961E-05 1.1267E-06 -2.946E-08 1.7502E-03 1.124E-04
15.5 999.0258 -0.15657 0.001123 -2.948E-05 1.1238E-06 -2.934E-08 1.7615E-03 1.130E-04
15.6 999.0101 -0.15774 0.001120 -2.936E-05 1.1208E-06 -2.921E-08 1.7728E-03 1.136E-04
15.7 998.9943 -0.15890 0.001117 -2.924E-05 1.1179E-06 -2.909E-08 1.7842E-03 1.143E-04
15.8 998.9783 -0.16006 0.001114 -2.911E-05 1.1150E-06 -2.896E-08 1.7957E-03 1.149E-04
15.9 998.9622 -0.16121 0.001111 -2.899E-05 1.1121E-06 -2.884E-08 1.8072E-03 1.156E-04
16.0 998.9461 -0.16237 0.001108 -2.887E-05 1.1093E-06 -2.872E-08 1.8188E-03 1.162E-04
16.1 998.9298 -0.16352 0.001105 -2.875E-05 1.1064E-06 -2.860E-08 1.8305E-03 1.169E-04
16.2 998.9134 -0.16467 0.001102 -2.863E-05 1.1035E-06 -2.848E-08 1.8422E-03 1.175E-04
16.3 998.8968 -0.16581 0.001099 -2.851E-05 1.1007E-06 -2.836E-08 1.8540E-03 1.182E-04
16.4 998.8802 -0.16695 0.001097 -2.839E-05 1.0979E-06 -2.824E-08 1.8658E-03 1.189E-04
16.5 998.8634 -0.16809 0.001094 -2.827E-05 1.0950E-06 -2.812E-08 1.8778E-03 1.195E-04
16.6 998.8466 -0.16923 0.001091 -2.815E-05 1.0922E-06 -2.800E-08 1.8897E-03 1.202E-04
16.7 998.8296 -0.17037 0.001088 -2.804E-05 1.0894E-06 -2.789E-08 1.9018E-03 1.209E-04
16.8 998.8125 -0.17150 0.001085 -2.792E-05 1.0867E-06 -2.777E-08 1.9139E-03 1.215E-04
16.9 998.7953 -0.17263 0.001083 -2.781E-05 1.0839E-06 -2.765E-08 1.9261E-03 1.222E-04
17.0 998.7780 -0.17376 0.001080 -2.769E-05 1.0811E-06 -2.754E-08 1.9384E-03 1.229E-04
17.1 998.7606 -0.17488 0.001077 -2.758E-05 1.0784E-06 -2.742E-08 1.9507E-03 1.236E-04
17.2 998.7430 -0.17600 0.001074 -2.747E-05 1.0756E-06 -2.731E-08 1.9631E-03 1.243E-04
17.3 998.7254 -0.17712 0.001072 -2.735E-05 1.0729E-06 -2.720E-08 1.9755E-03 1.250E-04
17.4 998.7076 -0.17824 0.001069 -2.724E-05 1.0702E-06 -2.708E-08 1.9881E-03 1.257E-04
17.5 998.6897 -0.17936 0.001066 -2.713E-05 1.0675E-06 -2.697E-08 2.0007E-03 1.264E-04
17.6 998.6717 -0.18047 0.001063 -2.702E-05 1.0648E-06 -2.686E-08 2.0133E-03 1.271E-04
17.7 998.6536 -0.18158 0.001061 -2.691E-05 1.0621E-06 -2.675E-08 2.0261E-03 1.278E-04
17.8 998.6354 -0.18268 0.001058 -2.680E-05 1.0595E-06 -2.664E-08 2.0389E-03 1.285E-04
17.9 998.6171 -0.18379 0.001055 -2.669E-05 1.0568E-06 -2.653E-08 2.0518E-03 1.292E-04
18.0 998.5986 -0.18489 0.001053 -2.658E-05 1.0542E-06 -2.642E-08 2.0647E-03 1.299E-04
18.1 998.5801 -0.18599 0.001050 -2.647E-05 1.0515E-06 -2.631E-08 2.0778E-03 1.306E-04
18.2 998.5614 -0.18709 0.001047 -2.637E-05 1.0489E-06 -2.621E-08 2.0909E-03 1.313E-04
18.3 998.5427 -0.18818 0.001045 -2.626E-05 1.0463E-06 -2.610E-08 2.1040E-03 1.321E-04
18.4 998.5238 -0.18928 0.001042 -2.615E-05 1.0437E-06 -2.599E-08 2.1173E-03 1.328E-04
18.5 998.5048 -0.19037 0.001040 -2.605E-05 1.0411E-06 -2.589E-08 2.1306E-03 1.335E-04
18.6 998.4857 -0.19145 0.001037 -2.594E-05 1.0385E-06 -2.578E-08 2.1440E-03 1.343E-04
18.7 998.4665 -0.19254 0.001034 -2.584E-05 1.0359E-06 -2.568E-08 2.1574E-03 1.350E-04
18.8 998.4472 -0.19362 0.001032 -2.574E-05 1.0334E-06 -2.558E-08 2.1710E-03 1.357E-04
18.9 998.4278 -0.19470 0.001029 -2.563E-05 1.0308E-06 -2.547E-08 2.1846E-03 1.365E-04
19.0 998.4083 -0.19578 0.001027 -2.553E-05 1.0283E-06 -2.537E-08 2.1983E-03 1.372E-04
19.1 998.3887 -0.19686 0.001024 -2.543E-05 1.0257E-06 -2.527E-08 2.2120E-03 1.380E-04
19.2 998.3689 -0.19793 0.001022 -2.533E-05 1.0232E-06 -2.517E-08 2.2259E-03 1.387E-04
19.3 998.3491 -0.19900 0.001019 -2.523E-05 1.0207E-06 -2.506E-08 2.2398E-03 1.395E-04
19.4 998.3291 -0.20007 0.001016 -2.513E-05 1.0182E-06 -2.496E-08 2.2538E-03 1.403E-04
19.5 998.3091 -0.20114 0.001014 -2.503E-05 1.0157E-06 -2.486E-08 2.2678E-03 1.410E-04
19.6 998.2889 -0.20220 0.001011 -2.493E-05 1.0132E-06 -2.476E-08 2.2820E-03 1.418E-04
19.7 998.2686 -0.20326 0.001009 -2.483E-05 1.0108E-06 -2.466E-08 2.2962E-03 1.426E-04
19.8 998.2482 -0.20432 0.001007 -2.473E-05 1.0083E-06 -2.457E-08 2.3105E-03 1.433E-04
19.9 998.2277 -0.20538 0.001004 -2.463E-05 1.0058E-06 -2.447E-08 2.3249E-03 1.441E-04
20.0 998.2072 -0.20644 0.001002 -2.453E-05 1.0034E-06 -2.437E-08 2.3393E-03 1.449E-04
20.1 998.1865 -0.20749 0.000999 -2.444E-05 1.0010E-06 -2.427E-08 2.3538E-03 1.457E-04
20.2 998.1657 -0.20854 0.000997 -2.434E-05 9.9854E-07 -2.418E-08 2.3685E-03 1.465E-04
20.3 998.1448 -0.20959 0.000994 -2.425E-05 9.9613E-07 -2.408E-08 2.3831E-03 1.473E-04
20.4 998.1237 -0.21063 0.000992 -2.415E-05 9.9372E-07 -2.399E-08 2.3979E-03 1.481E-04
20.5 998.1026 -0.21168 0.000989 -2.406E-05 9.9133E-07 -2.389E-08 2.4128E-03 1.489E-04
20.6 998.0814 -0.21272 0.000987 -2.396E-05 9.8895E-07 -2.380E-08 2.4277E-03 1.497E-04
20.7 998.0601 -0.21376 0.000985 -2.387E-05 9.8657E-07 -2.370E-08 2.4427E-03 1.505E-04
20.8 998.0387 -0.21480 0.000982 -2.378E-05 9.8420E-07 -2.361E-08 2.4578E-03 1.513E-04
20.9 998.0171 -0.21583 0.000980 -2.368E-05 9.8185E-07 -2.352E-08 2.4730E-03 1.521E-04
21.0 997.9955 -0.21687 0.000978 -2.359E-05 9.7950E-07 -2.343E-08 2.4882E-03 1.530E-04
21.1 997.9737 -0.21790 0.000975 -2.350E-05 9.7716E-07 -2.333E-08 2.5036E-03 1.538E-04
21.2 997.9519 -0.21893 0.000973 -2.341E-05 9.7483E-07 -2.324E-08 2.5190E-03 1.546E-04
21.3 997.9300 -0.21995 0.000971 -2.332E-05 9.7251E-07 -2.315E-08 2.5345E-03 1.554E-04
21.4 997.9079 -0.22098 0.000968 -2.323E-05 9.7020E-07 -2.306E-08 2.5501E-03 1.563E-04
21.5 997.8858 -0.22200 0.000966 -2.314E-05 9.6790E-07 -2.297E-08 2.5657E-03 1.571E-04
21.6 997.8635 -0.22302 0.000964 -2.305E-05 9.6561E-07 -2.288E-08 2.5815E-03 1.580E-04
21.7 997.8412 -0.22404 0.000961 -2.296E-05 9.6332E-07 -2.279E-08 2.5973E-03 1.588E-04
21.8 997.8187 -0.22506 0.000959 -2.287E-05 9.6105E-07 -2.271E-08 2.6132E-03 1.596E-04
21.9 997.7962 -0.22607 0.000957 -2.279E-05 9.5878E-07 -2.262E-08 2.6293E-03 1.605E-04
22.0 997.7735 -0.22708 0.000954 -2.270E-05 9.5653E-07 -2.253E-08 2.6453E-03 1.614E-04
22.1 997.7507 -0.22809 0.000952 -2.261E-05 9.5428E-07 -2.244E-08 2.6615E-03 1.622E-04
22.2 997.7279 -0.22910 0.000950 -2.252E-05 9.5204E-07 -2.236E-08 2.6778E-03 1.631E-04
22.3 997.7049 -0.23011 0.000948 -2.244E-05 9.4981E-07 -2.227E-08 2.6941E-03 1.640E-04
22.4 997.6819 -0.23111 0.000945 -2.235E-05 9.4758E-07 -2.219E-08 2.7106E-03 1.648E-04
22.5 997.6587 -0.23211 0.000943 -2.227E-05 9.4537E-07 -2.210E-08 2.7271E-03 1.657E-04
22.6 997.6354 -0.23311 0.000941 -2.218E-05 9.4316E-07 -2.202E-08 2.7437E-03 1.666E-04
22.7 997.6121 -0.23411 0.000939 -2.210E-05 9.4097E-07 -2.193E-08 2.7604E-03 1.675E-04
22.8 997.5886 -0.23511 0.000937 -2.202E-05 9.3878E-07 -2.185E-08 2.7772E-03 1.684E-04
22.9 997.5650 -0.23610 0.000934 -2.193E-05 9.3660E-07 -2.176E-08 2.7941E-03 1.693E-04
23.0 997.5414 -0.23709 0.000932 -2.185E-05 9.3442E-07 -2.168E-08 2.8111E-03 1.702E-04
23.1 997.5176 -0.23808 0.000930 -2.177E-05 9.3226E-07 -2.160E-08 2.8281E-03 1.711E-04
23.2 997.4938 -0.23907 0.000928 -2.169E-05 9.3010E-07 -2.152E-08 2.8453E-03 1.720E-04
23.3 997.4698 -0.24006 0.000926 -2.160E-05 9.2796E-07 -2.144E-08 2.8625E-03 1.729E-04
23.4 997.4458 -0.24104 0.000923 -2.152E-05 9.2582E-07 -2.135E-08 2.8799E-03 1.738E-04
23.5 997.4216 -0.24202 0.000921 -2.144E-05 9.2368E-07 -2.127E-08 2.8973E-03 1.747E-04
23.6 997.3974 -0.24300 0.000919 -2.136E-05 9.2156E-07 -2.119E-08 2.9148E-03 1.756E-04
23.7 997.3730 -0.24398 0.000917 -2.128E-05 9.1945E-07 -2.111E-08 2.9324E-03 1.766E-04
23.8 997.3486 -0.24496 0.000915 -2.120E-05 9.1734E-07 -2.103E-08 2.9501E-03 1.775E-04
23.9 997.3240 -0.24593 0.000913 -2.112E-05 9.1524E-07 -2.095E-08 2.9679E-03 1.784E-04
24.0 997.2994 -0.24691 0.000911 -2.104E-05 9.1315E-07 -2.088E-08 2.9858E-03 1.794E-04
24.1 997.2746 -0.24788 0.000909 -2.097E-05 9.1106E-07 -2.080E-08 3.0038E-03 1.803E-04
24.2 997.2498 -0.24885 0.000906 -2.089E-05 9.0899E-07 -2.072E-08 3.0219E-03 1.812E-04
24.3 997.2249 -0.24981 0.000904 -2.081E-05 9.0692E-07 -2.064E-08 3.0400E-03 1.822E-04
24.4 997.1998 -0.25078 0.000902 -2.073E-05 9.0486E-07 -2.056E-08 3.0583E-03 1.832E-04
24.5 997.1747 -0.25174 0.000900 -2.066E-05 9.0281E-07 -2.049E-08 3.0767E-03 1.841E-04
24.6 997.1495 -0.25270 0.000898 -2.058E-05 9.0076E-07 -2.041E-08 3.0951E-03 1.851E-04
24.7 997.1242 -0.25366 0.000896 -2.051E-05 8.9872E-07 -2.034E-08 3.1137E-03 1.860E-04
24.8 997.0988 -0.25462 0.000894 -2.043E-05 8.9669E-07 -2.026E-08 3.1323E-03 1.870E-04
24.9 997.0732 -0.25558 0.000892 -2.035E-05 8.9467E-07 -2.018E-08 3.1511E-03 1.880E-04
25.0 997.0476 -0.25653 0.000890 -2.028E-05 8.9266E-07 -2.011E-08 3.1699E-03 1.890E-04
25.1 997.0219 -0.25748 0.000888 -2.021E-05 8.9065E-07 -2.004E-08 3.1889E-03 1.900E-04
25.2 996.9961 -0.25843 0.000886 -2.013E-05 8.8865E-07 -1.996E-08 3.2079E-03 1.909E-04
25.3 996.9703 -0.25938 0.000884 -2.006E-05 8.8666E-07 -1.989E-08 3.2271E-03 1.919E-04
25.4 996.9443 -0.26033 0.000882 -1.998E-05 8.8467E-07 -1.981E-08 3.2463E-03 1.929E-04
25.5 996.9182 -0.26127 0.000880 -1.991E-05 8.8270E-07 -1.974E-08 3.2657E-03 1.939E-04
25.6 996.8920 -0.26222 0.000878 -1.984E-05 8.8072E-07 -1.967E-08 3.2851E-03 1.949E-04
25.7 996.8657 -0.26316 0.000876 -1.977E-05 8.7876E-07 -1.960E-08 3.3046E-03 1.960E-04
25.8 996.8394 -0.26410 0.000874 -1.970E-05 8.7681E-07 -1.953E-08 3.3243E-03 1.970E-04
25.9 996.8129 -0.26503 0.000872 -1.962E-05 8.7486E-07 -1.945E-08 3.3440E-03 1.980E-04
26.0 996.7864 -0.26597 0.000870 -1.955E-05 8.7291E-07 -1.938E-08 3.3639E-03 1.990E-04
26.1 996.7597 -0.26691 0.000868 -1.948E-05 8.7098E-07 -1.931E-08 3.3838E-03 2.000E-04
26.2 996.7330 -0.26784 0.000866 -1.941E-05 8.6905E-07 -1.924E-08 3.4039E-03 2.011E-04
26.3 996.7062 -0.26877 0.000864 -1.934E-05 8.6713E-07 -1.917E-08 3.4241E-03 2.021E-04
26.4 996.6792 -0.26970 0.000862 -1.927E-05 8.6522E-07 -1.910E-08 3.4443E-03 2.032E-04
26.5 996.6522 -0.27063 0.000860 -1.920E-05 8.6331E-07 -1.903E-08 3.4647E-03 2.042E-04
26.6 996.6251 -0.27155 0.000859 -1.913E-05 8.6141E-07 -1.896E-08 3.4852E-03 2.053E-04
26.7 996.5979 -0.27248 0.000857 -1.906E-05 8.5952E-07 -1.889E-08 3.5057E-03 2.063E-04
26.8 996.5706 -0.27340 0.000855 -1.900E-05 8.5763E-07 -1.883E-08 3.5264E-03 2.074E-04
26.9 996.5432 -0.27432 0.000853 -1.893E-05 8.5575E-07 -1.876E-08 3.5472E-03 2.084E-04
27.0 996.5158 -0.27524 0.000851 -1.886E-05 8.5388E-07 -1.869E-08 3.5681E-03 2.095E-04
27.1 996.4882 -0.27616 0.000849 -1.879E-05 8.5202E-07 -1.862E-08 3.5891E-03 2.106E-04
27.2 996.4605 -0.27707 0.000847 -1.873E-05 8.5016E-07 -1.856E-08 3.6102E-03 2.117E-04
27.3 996.4328 -0.27799 0.000845 -1.866E-05 8.4830E-07 -1.849E-08 3.6314E-03 2.127E-04
27.4 996.4049 -0.27890 0.000843 -1.859E-05 8.4646E-07 -1.842E-08 3.6528E-03 2.138E-04
27.5 996.3770 -0.27981 0.000842 -1.853E-05 8.4462E-07 -1.836E-08 3.6742E-03 2.149E-04
27.6 996.3490 -0.28072 0.000840 -1.846E-05 8.4279E-07 -1.829E-08 3.6958E-03 2.160E-04
27.7 996.3209 -0.28162 0.000838 -1.840E-05 8.4096E-07 -1.823E-08 3.7174E-03 2.171E-04
27.8 996.2926 -0.28253 0.000836 -1.833E-05 8.3914E-07 -1.816E-08 3.7392E-03 2.182E-04
27.9 996.2643 -0.28343 0.000834 -1.827E-05 8.3733E-07 -1.810E-08 3.7611E-03 2.193E-04
28.0 996.2360 -0.28434 0.000832 -1.820E-05 8.3552E-07 -1.803E-08 3.7831E-03 2.205E-04
28.1 996.2075 -0.28524 0.000831 -1.814E-05 8.3372E-07 -1.797E-08 3.8052E-03 2.216E-04
28.2 996.1789 -0.28614 0.000829 -1.807E-05 8.3193E-07 -1.790E-08 3.8274E-03 2.227E-04
28.3 996.1503 -0.28704 0.000827 -1.801E-05 8.3014E-07 -1.784E-08 3.8497E-03 2.238E-04
28.4 996.1215 -0.28793 0.000825 -1.795E-05 8.2836E-07 -1.778E-08 3.8721E-03 2.250E-04
28.5 996.0927 -0.28883 0.000823 -1.788E-05 8.2659E-07 -1.771E-08 3.8947E-03 2.261E-04
28.6 996.0637 -0.28972 0.000822 -1.782E-05 8.2482E-07 -1.765E-08 3.9174E-03 2.273E-04
28.7 996.0347 -0.29061 0.000820 -1.776E-05 8.2306E-07 -1.759E-08 3.9401E-03 2.284E-04
28.8 996.0056 -0.29150 0.000818 -1.770E-05 8.2130E-07 -1.753E-08 3.9630E-03 2.296E-04
28.9 995.9764 -0.29239 0.000816 -1.763E-05 8.1955E-07 -1.747E-08 3.9860E-03 2.307E-04
29.0 995.9471 -0.29327 0.000814 -1.757E-05 8.1781E-07 -1.740E-08 4.0092E-03 2.319E-04
29.1 995.9178 -0.29416 0.000813 -1.751E-05 8.1607E-07 -1.734E-08 4.0324E-03 2.330E-04
29.2 995.8883 -0.29504 0.000811 -1.745E-05 8.1434E-07 -1.728E-08 4.0558E-03 2.342E-04
29.3 995.8588 -0.29593 0.000809 -1.739E-05 8.1261E-07 -1.722E-08 4.0793E-03 2.354E-04
29.4 995.8291 -0.29681 0.000808 -1.733E-05 8.1089E-07 -1.716E-08 4.1029E-03 2.366E-04
29.5 995.7994 -0.29768 0.000806 -1.727E-05 8.0918E-07 -1.710E-08 4.1266E-03 2.378E-04
29.6 995.7696 -0.29856 0.000804 -1.721E-05 8.0747E-07 -1.704E-08 4.1504E-03 2.390E-04
29.7 995.7397 -0.29944 0.000802 -1.715E-05 8.0577E-07 -1.698E-08 4.1744E-03 2.402E-04
29.8 995.7097 -0.30031 0.000801 -1.709E-05 8.0408E-07 -1.692E-08 4.1985E-03 2.414E-04
29.9 995.6796 -0.30119 0.000799 -1.703E-05 8.0239E-07 -1.686E-08 4.2227E-03 2.426E-04
30.0 995.6495 -0.30206 0.000797 -1.697E-05 8.0071E-07 -1.681E-08 4.2470E-03 2.438E-04
30.1 995.6192 -0.30293 0.000796 -1.692E-05 7.9903E-07 -1.675E-08 4.2714E-03 2.450E-04
30.2 995.5889 -0.30380 0.000794 -1.686E-05 7.9736E-07 -1.669E-08 4.2960E-03 2.462E-04
30.3 995.5585 -0.30466 0.000792 -1.680E-05 7.9569E-07 -1.663E-08 4.3207E-03 2.475E-04
30.4 995.5279 -0.30553 0.000790 -1.674E-05 7.9403E-07 -1.657E-08 4.3455E-03 2.487E-04
30.5 995.4973 -0.30639 0.000789 -1.669E-05 7.9237E-07 -1.652E-08 4.3704E-03 2.499E-04
30.6 995.4667 -0.30725 0.000787 -1.663E-05 7.9073E-07 -1.646E-08 4.3955E-03 2.512E-04
30.7 995.4359 -0.30812 0.000785 -1.657E-05 7.8908E-07 -1.640E-08 4.4206E-03 2.524E-04
30.8 995.4050 -0.30897 0.000784 -1.651E-05 7.8745E-07 -1.635E-08 4.4459E-03 2.537E-04
30.9 995.3741 -0.30983 0.000782 -1.646E-05 7.8581E-07 -1.629E-08 4.4714E-03 2.549E-04
31.0 995.3431 -0.31069 0.000781 -1.640E-05 7.8419E-07 -1.624E-08 4.4969E-03 2.562E-04
31.1 995.3120 -0.31154 0.000779 -1.635E-05 7.8257E-07 -1.618E-08 4.5226E-03 2.575E-04
31.2 995.2808 -0.31240 0.000777 -1.629E-05 7.8095E-07 -1.612E-08 4.5484E-03 2.588E-04
31.3 995.2495 -0.31325 0.000776 -1.624E-05 7.7934E-07 -1.607E-08 4.5744E-03 2.600E-04
31.4 995.2181 -0.31410 0.000774 -1.618E-05 7.7774E-07 -1.601E-08 4.6004E-03 2.613E-04
31.5 995.1867 -0.31495 0.000772 -1.613E-05 7.7614E-07 -1.596E-08 4.6266E-03 2.626E-04
31.6 995.1551 -0.31580 0.000771 -1.607E-05 7.7455E-07 -1.591E-08 4.6530E-03 2.639E-04
31.7 995.1235 -0.31665 0.000769 -1.602E-05 7.7296E-07 -1.585E-08 4.6794E-03 2.652E-04
31.8 995.0918 -0.31749 0.000768 -1.596E-05 7.7138E-07 -1.580E-08 4.7060E-03 2.665E-04
31.9 995.0600 -0.31834 0.000766 -1.591E-05 7.6980E-07 -1.574E-08 4.7327E-03 2.678E-04
32.0 995.0281 -0.31918 0.000764 -1.586E-05 7.6823E-07 -1.569E-08 4.7596E-03 2.692E-04
32.1 994.9962 -0.32002 0.000763 -1.580E-05 7.6666E-07 -1.564E-08 4.7866E-03 2.705E-04
32.2 994.9641 -0.32086 0.000761 -1.575E-05 7.6510E-07 -1.559E-08 4.8137E-03 2.718E-04
32.3 994.9320 -0.32170 0.000760 -1.570E-05 7.6354E-07 -1.553E-08 4.8409E-03 2.732E-04
32.4 994.8998 -0.32253 0.000758 -1.565E-05 7.6199E-07 -1.548E-08 4.8683E-03 2.745E-04
32.5 994.8675 -0.32337 0.000757 -1.560E-05 7.6045E-07 -1.543E-08 4.8958E-03 2.758E-04
32.6 994.8351 -0.32420 0.000755 -1.554E-05 7.5891E-07 -1.538E-08 4.9235E-03 2.772E-04
32.7 994.8026 -0.32504 0.000753 -1.549E-05 7.5737E-07 -1.532E-08 4.9513E-03 2.785E-04
32.8 994.7701 -0.32587 0.000752 -1.544E-05 7.5584E-07 -1.527E-08 4.9792E-03 2.799E-04
32.9 994.7375 -0.32670 0.000750 -1.539E-05 7.5432E-07 -1.522E-08 5.0072E-03 2.813E-04
33.0 994.7048 -0.32753 0.000749 -1.534E-05 7.5280E-07 -1.517E-08 5.0354E-03 2.826E-04
33.1 994.6720 -0.32836 0.000747 -1.529E-05 7.5128E-07 -1.512E-08 5.0638E-03 2.840E-04
33.2 994.6391 -0.32918 0.000746 -1.524E-05 7.4977E-07 -1.507E-08 5.0922E-03 2.854E-04
33.3 994.6061 -0.33001 0.000744 -1.519E-05 7.4827E-07 -1.502E-08 5.1208E-03 2.868E-04
33.4 994.5731 -0.33083 0.000743 -1.514E-05 7.4677E-07 -1.497E-08 5.1496E-03 2.882E-04
33.5 994.5400 -0.33165 0.000741 -1.509E-05 7.4528E-07 -1.492E-08 5.1785E-03 2.896E-04
33.6 994.5068 -0.33247 0.000740 -1.504E-05 7.4379E-07 -1.487E-08 5.2075E-03 2.910E-04
33.7 994.4735 -0.33329 0.000738 -1.499E-05 7.4230E-07 -1.482E-08 5.2367E-03 2.924E-04
33.8 994.4401 -0.33411 0.000737 -1.494E-05 7.4082E-07 -1.477E-08 5.2660E-03 2.938E-04
33.9 994.4067 -0.33493 0.000735 -1.489E-05 7.3935E-07 -1.472E-08 5.2955E-03 2.953E-04
34.0 994.3731 -0.33574 0.000734 -1.484E-05 7.3788E-07 -1.467E-08 5.3251E-03 2.967E-04
34.1 994.3395 -0.33656 0.000732 -1.479E-05 7.3641E-07 -1.463E-08 5.3548E-03 2.981E-04
34.2 994.3058 -0.33737 0.000731 -1.474E-05 7.3495E-07 -1.458E-08 5.3847E-03 2.996E-04
34.3 994.2720 -0.33818 0.000729 -1.469E-05 7.3350E-07 -1.453E-08 5.4147E-03 3.010E-04
34.4 994.2382 -0.33899 0.000728 -1.465E-05 7.3205E-07 -1.448E-08 5.4449E-03 3.025E-04
34.5 994.2042 -0.33980 0.000726 -1.460E-05 7.3060E-07 -1.443E-08 5.4752E-03 3.039E-04
34.6 994.1702 -0.34061 0.000725 -1.455E-05 7.2916E-07 -1.439E-08 5.5057E-03 3.054E-04
34.7 994.1361 -0.34142 0.000723 -1.450E-05 7.2772E-07 -1.434E-08 5.5363E-03 3.069E-04
34.8 994.1019 -0.34222 0.000722 -1.446E-05 7.2629E-07 -1.429E-08 5.5671E-03 3.083E-04
34.9 994.0677 -0.34303 0.000721 -1.441E-05 7.2486E-07 -1.425E-08 5.5980E-03 3.098E-04
35.0 994.0333 -0.34383 0.000719 -1.436E-05 7.2344E-07 -1.420E-08 5.6290E-03 3.113E-04
35.1 993.9989 -0.34463 0.000718 -1.432E-05 7.2202E-07 -1.415E-08 5.6602E-03 3.128E-04
35.2 993.9644 -0.34543 0.000716 -1.427E-05 7.2061E-07 -1.411E-08 5.6916E-03 3.143E-04
35.3 993.9298 -0.34623 0.000715 -1.422E-05 7.1920E-07 -1.406E-08 5.7231E-03 3.158E-04
35.4 993.8951 -0.34703 0.000713 -1.418E-05 7.1780E-07 -1.401E-08 5.7547E-03 3.173E-04
35.5 993.8604 -0.34783 0.000712 -1.413E-05 7.1640E-07 -1.397E-08 5.7866E-03 3.189E-04
35.6 993.8256 -0.34862 0.000711 -1.409E-05 7.1501E-07 -1.392E-08 5.8185E-03 3.204E-04
35.7 993.7907 -0.34942 0.000709 -1.404E-05 7.1362E-07 -1.388E-08 5.8506E-03 3.219E-04
35.8 993.7557 -0.35021 0.000708 -1.400E-05 7.1223E-07 -1.383E-08 5.8829E-03 3.234E-04
35.9 993.7206 -0.35100 0.000706 -1.395E-05 7.1085E-07 -1.379E-08 5.9153E-03 3.250E-04
36.0 993.6855 -0.35179 0.000705 -1.391E-05 7.0947E-07 -1.375E-08 5.9479E-03 3.265E-04
36.1 993.6503 -0.35258 0.000704 -1.386E-05 7.0810E-07 -1.370E-08 5.9806E-03 3.281E-04
36.2 993.6150 -0.35337 0.000702 -1.382E-05 7.0673E-07 -1.366E-08 6.0135E-03 3.297E-04
36.3 993.5796 -0.35416 0.000701 -1.377E-05 7.0537E-07 -1.361E-08 6.0466E-03 3.312E-04
36.4 993.5442 -0.35494 0.000699 -1.373E-05 7.0401E-07 -1.357E-08 6.0798E-03 3.328E-04
36.5 993.5086 -0.35573 0.000698 -1.369E-05 7.0265E-07 -1.353E-08 6.1131E-03 3.344E-04
36.6 993.4730 -0.35651 0.000697 -1.364E-05 7.0130E-07 -1.348E-08 6.1466E-03 3.360E-04
36.7 993.4373 -0.35729 0.000695 -1.360E-05 6.9996E-07 -1.344E-08 6.1803E-03 3.376E-04
36.8 993.4015 -0.35808 0.000694 -1.356E-05 6.9862E-07 -1.340E-08 6.2141E-03 3.392E-04
36.9 993.3657 -0.35886 0.000693 -1.351E-05 6.9728E-07 -1.335E-08 6.2481E-03 3.408E-04
37.0 993.3298 -0.35963 0.000691 -1.347E-05 6.9595E-07 -1.331E-08 6.2823E-03 3.424E-04
37.1 993.2938 -0.36041 0.000690 -1.343E-05 6.9462E-07 -1.327E-08 6.3166E-03 3.440E-04
37.2 993.2577 -0.36119 0.000689 -1.339E-05 6.9329E-07 -1.323E-08 6.3511E-03 3.456E-04
37.3 993.2215 -0.36196 0.000687 -1.334E-05 6.9197E-07 -1.318E-08 6.3857E-03 3.472E-04
37.4 993.1853 -0.36274 0.000686 -1.330E-05 6.9066E-07 -1.314E-08 6.4205E-03 3.489E-04
37.5 993.1490 -0.36351 0.000685 -1.326E-05 6.8934E-07 -1.310E-08 6.4555E-03 3.505E-04
37.6 993.1126 -0.36428 0.000683 -1.322E-05 6.8804E-07 -1.306E-08 6.4906E-03 3.522E-04
37.7 993.0761 -0.36505 0.000682 -1.318E-05 6.8673E-07 -1.302E-08 6.5259E-03 3.538E-04
37.8 993.0396 -0.36582 0.000681 -1.314E-05 6.8543E-07 -1.298E-08 6.5614E-03 3.555E-04
37.9 993.0030 -0.36659 0.000679 -1.309E-05 6.8414E-07 -1.293E-08 6.5970E-03 3.572E-04
38.0 992.9663 -0.36736 0.000678 -1.305E-05 6.8285E-07 -1.289E-08 6.6328E-03 3.588E-04
38.1 992.9295 -0.36813 0.000677 -1.301E-05 6.8156E-07 -1.285E-08 6.6688E-03 3.605E-04
38.2 992.8926 -0.36889 0.000675 -1.297E-05 6.8027E-07 -1.281E-08 6.7049E-03 3.622E-04
38.3 992.8557 -0.36966 0.000674 -1.293E-05 6.7900E-07 -1.277E-08 6.7412E-03 3.639E-04
38.4 992.8187 -0.37042 0.000673 -1.289E-05 6.7772E-07 -1.273E-08 6.7777E-03 3.656E-04
38.5 992.7816 -0.37118 0.000672 -1.285E-05 6.7645E-07 -1.269E-08 6.8144E-03 3.673E-04
38.6 992.7445 -0.37194 0.000670 -1.281E-05 6.7518E-07 -1.265E-08 6.8512E-03 3.690E-04
38.7 992.7072 -0.37270 0.000669 -1.277E-05 6.7392E-07 -1.261E-08 6.8882E-03 3.707E-04
38.8 992.6699 -0.37346 0.000668 -1.273E-05 6.7266E-07 -1.257E-08 6.9253E-03 3.725E-04
38.9 992.6326 -0.37422 0.000666 -1.269E-05 6.7140E-07 -1.253E-08 6.9627E-03 3.742E-04
39.0 992.5951 -0.37497 0.000665 -1.265E-05 6.7015E-07 -1.250E-08 7.0002E-03 3.759E-04
39.1 992.5576 -0.37573 0.000664 -1.262E-05 6.6890E-07 -1.246E-08 7.0378E-03 3.777E-04
39.2 992.5199 -0.37648 0.000663 -1.258E-05 6.6766E-07 -1.242E-08 7.0757E-03 3.794E-04
39.3 992.4823 -0.37724 0.000661 -1.254E-05 6.6642E-07 -1.238E-08 7.1137E-03 3.812E-04
39.4 992.4445 -0.37799 0.000660 -1.250E-05 6.6518E-07 -1.234E-08 7.1519E-03 3.830E-04
39.5 992.4067 -0.37874 0.000659 -1.246E-05 6.6395E-07 -1.230E-08 7.1903E-03 3.847E-04
39.6 992.3688 -0.37949 0.000658 -1.242E-05 6.6272E-07 -1.226E-08 7.2289E-03 3.865E-04
39.7 992.3308 -0.38024 0.000656 -1.238E-05 6.6150E-07 -1.223E-08 7.2676E-03 3.883E-04
39.8 992.2927 -0.38099 0.000655 -1.235E-05 6.6028E-07 -1.219E-08 7.3066E-03 3.901E-04
39.9 992.2546 -0.38173 0.000654 -1.231E-05 6.5906E-07 -1.215E-08 7.3457E-03 3.919E-04
40.0 992.2164 -0.38248 0.000653 -1.227E-05 6.5785E-07 -1.211E-08 7.3849E-03 3.937E-04
40.1 992.1781 -0.38322 0.000652 -1.223E-05 6.5664E-07 -1.208E-08 7.4244E-03 3.955E-04
40.2 992.1397 -0.38397 0.000650 -1.220E-05 6.5543E-07 -1.204E-08 7.4640E-03 3.974E-04
40.3 992.1013 -0.38471 0.000649 -1.216E-05 6.5423E-07 -1.200E-08 7.5039E-03 3.992E-04
40.4 992.0628 -0.38545 0.000648 -1.212E-05 6.5303E-07 -1.196E-08 7.5439E-03 4.010E-04
40.5 992.0242 -0.38619 0.000647 -1.208E-05 6.5184E-07 -1.193E-08 7.5841E-03 4.029E-04
40.6 991.9855 -0.38693 0.000645 -1.205E-05 6.5065E-07 -1.189E-08 7.6245E-03 4.047E-04
40.7 991.9468 -0.38767 0.000644 -1.201E-05 6.4946E-07 -1.185E-08 7.6650E-03 4.066E-04
40.8 991.9080 -0.38841 0.000643 -1.197E-05 6.4828E-07 -1.182E-08 7.7058E-03 4.084E-04
40.9 991.8691 -0.38914 0.000642 -1.194E-05 6.4710E-07 -1.178E-08 7.7467E-03 4.103E-04
41.0 991.8302 -0.38988 0.000641 -1.190E-05 6.4592E-07 -1.175E-08 7.7878E-03 4.122E-04
41.1 991.7911 -0.39061 0.000639 -1.187E-05 6.4475E-07 -1.171E-08 7.8292E-03 4.141E-04
41.2 991.7520 -0.39135 0.000638 -1.183E-05 6.4358E-07 -1.167E-08 7.8707E-03 4.160E-04
41.3 991.7129 -0.39208 0.000637 -1.180E-05 6.4241E-07 -1.164E-08 7.9123E-03 4.179E-04
41.4 991.6736 -0.39281 0.000636 -1.176E-05 6.4125E-07 -1.160E-08 7.9542E-03 4.198E-04
41.5 991.6343 -0.39354 0.000635 -1.172E-05 6.4009E-07 -1.157E-08 7.9963E-03 4.217E-04
41.6 991.5949 -0.39427 0.000634 -1.169E-05 6.3894E-07 -1.153E-08 8.0386E-03 4.236E-04
41.7 991.5555 -0.39500 0.000632 -1.165E-05 6.3779E-07 -1.150E-08 8.0810E-03 4.255E-04
41.8 991.5159 -0.39573 0.000631 -1.162E-05 6.3664E-07 -1.146E-08 8.1237E-03 4.275E-04
41.9 991.4763 -0.39645 0.000630 -1.158E-05 6.3549E-07 -1.143E-08 8.1665E-03 4.294E-04
42.0 991.4366 -0.39718 0.000629 -1.155E-05 6.3435E-07 -1.139E-08 8.2096E-03 4.314E-04
42.1 991.3969 -0.39790 0.000628 -1.151E-05 6.3321E-07 -1.136E-08 8.2528E-03 4.333E-04
42.2 991.3571 -0.39863 0.000627 -1.148E-05 6.3208E-07 -1.133E-08 8.2962E-03 4.353E-04
42.3 991.3172 -0.39935 0.000625 -1.145E-05 6.3095E-07 -1.129E-08 8.3399E-03 4.373E-04
42.4 991.2772 -0.40007 0.000624 -1.141E-05 6.2982E-07 -1.126E-08 8.3837E-03 4.393E-04
42.5 991.2371 -0.40079 0.000623 -1.138E-05 6.2870E-07 -1.122E-08 8.4277E-03 4.412E-04
42.6 991.1970 -0.40151 0.000622 -1.134E-05 6.2758E-07 -1.119E-08 8.4719E-03 4.432E-04
42.7 991.1568 -0.40223 0.000621 -1.131E-05 6.2646E-07 -1.116E-08 8.5164E-03 4.452E-04
42.8 991.1166 -0.40295 0.000620 -1.128E-05 6.2535E-07 -1.112E-08 8.5610E-03 4.472E-04
42.9 991.0762 -0.40366 0.000619 -1.124E-05 6.2423E-07 -1.109E-08 8.6058E-03 4.493E-04
43.0 991.0358 -0.40438 0.000618 -1.121E-05 6.2313E-07 -1.106E-08 8.6508E-03 4.513E-04
43.1 990.9954 -0.40509 0.000616 -1.118E-05 6.2202E-07 -1.102E-08 8.6961E-03 4.533E-04
43.2 990.9548 -0.40581 0.000615 -1.114E-05 6.2092E-07 -1.099E-08 8.7415E-03 4.554E-04
43.3 990.9142 -0.40652 0.000614 -1.111E-05 6.1982E-07 -1.096E-08 8.7871E-03 4.574E-04
43.4 990.8735 -0.40723 0.000613 -1.108E-05 6.1873E-07 -1.093E-08 8.8330E-03 4.595E-04
43.5 990.8328 -0.40794 0.000612 -1.105E-05 6.1764E-07 -1.089E-08 8.8790E-03 4.615E-04
43.6 990.7919 -0.40866 0.000611 -1.101E-05 6.1655E-07 -1.086E-08 8.9253E-03 4.636E-04
43.7 990.7510 -0.40936 0.000610 -1.098E-05 6.1547E-07 -1.083E-08 8.9717E-03 4.657E-04
43.8 990.7101 -0.41007 0.000609 -1.095E-05 6.1439E-07 -1.080E-08 9.0184E-03 4.678E-04
43.9 990.6690 -0.41078 0.000608 -1.092E-05 6.1331E-07 -1.076E-08 9.0653E-03 4.699E-04
44.0 990.6279 -0.41149 0.000606 -1.088E-05 6.1223E-07 -1.073E-08 9.1124E-03 4.720E-04
44.1 990.5867 -0.41219 0.000605 -1.085E-05 6.1116E-07 -1.070E-08 9.1597E-03 4.741E-04
44.2 990.5455 -0.41290 0.000604 -1.082E-05 6.1009E-07 -1.067E-08 9.2072E-03 4.762E-04
44.3 990.5041 -0.41360 0.000603 -1.079E-05 6.0903E-07 -1.064E-08 9.2549E-03 4.783E-04
44.4 990.4627 -0.41430 0.000602 -1.076E-05 6.0797E-07 -1.061E-08 9.3029E-03 4.804E-04
44.5 990.4213 -0.41501 0.000601 -1.073E-05 6.0691E-07 -1.058E-08 9.3510E-03 4.826E-04
44.6 990.3797 -0.41571 0.000600 -1.069E-05 6.0585E-07 -1.054E-08 9.3994E-03 4.847E-04
44.7 990.3381 -0.41641 0.000599 -1.066E-05 6.0480E-07 -1.051E-08 9.4480E-03 4.869E-04
44.8 990.2965 -0.41711 0.000598 -1.063E-05 6.0375E-07 -1.048E-08 9.4968E-03 4.890E-04
44.9 990.2547 -0.41780 0.000597 -1.060E-05 6.0270E-07 -1.045E-08 9.5458E-03 4.912E-04
45.0 990.2129 -0.41850 0.000596 -1.057E-05 6.0166E-07 -1.042E-08 9.5950E-03 4.934E-04
45.1 990.1710 -0.41920 0.000595 -1.054E-05 6.0062E-07 -1.039E-08 9.6444E-03 4.956E-04
45.2 990.1291 -0.41989 0.000594 -1.051E-05 5.9958E-07 -1.036E-08 9.6941E-03 4.978E-04
45.3 990.0870 -0.42059 0.000593 -1.048E-05 5.9855E-07 -1.033E-08 9.7440E-03 5.000E-04
45.4 990.0449 -0.42128 0.000592 -1.045E-05 5.9751E-07 -1.030E-08 9.7941E-03 5.022E-04
45.5 990.0028 -0.42198 0.000591 -1.042E-05 5.9649E-07 -1.027E-08 9.8444E-03 5.044E-04
45.6 989.9606 -0.42267 0.000589 -1.039E-05 5.9546E-07 -1.024E-08 9.8950E-03 5.066E-04
45.7 989.9182 -0.42336 0.000588 -1.036E-05 5.9444E-07 -1.021E-08 9.9458E-03 5.089E-04
45.8 989.8759 -0.42405 0.000587 -1.033E-05 5.9342E-07 -1.018E-08 9.9968E-03 5.111E-04
45.9 989.8334 -0.42474 0.000586 -1.030E-05 5.9240E-07 -1.015E-08 1.0048E-02 5.134E-04
46.0 989.7909 -0.42543 0.000585 -1.027E-05 5.9139E-07 -1.012E-08 1.0099E-02 5.156E-04
46.1 989.7484 -0.42612 0.000584 -1.024E-05 5.9038E-07 -1.009E-08 1.0151E-02 5.179E-04
46.2 989.7057 -0.42680 0.000583 -1.021E-05 5.8937E-07 -1.006E-08 1.0203E-02 5.202E-04
46.3 989.6630 -0.42749 0.000582 -1.018E-05 5.8836E-07 -1.003E-08 1.0255E-02 5.225E-04
46.4 989.6202 -0.42817 0.000581 -1.015E-05 5.8736E-07 -1.000E-08 1.0308E-02 5.247E-04
46.5 989.5774 -0.42886 0.000580 -1.012E-05 5.8636E-07 -9.976E-09 1.0360E-02 5.270E-04
46.6 989.5344 -0.42954 0.000579 -1.010E-05 5.8537E-07 -9.948E-09 1.0413E-02 5.294E-04
46.7 989.4915 -0.43022 0.000578 -1.007E-05 5.8437E-07 -9.918E-09 1.0466E-02 5.317E-04
46.8 989.4484 -0.43091 0.000577 -1.004E-05 5.8338E-07 -9.890E-09 1.0519E-02 5.340E-04
46.9 989.4053 -0.43159 0.000576 -1.001E-05 5.8240E-07 -9.862E-09 1.0573E-02 5.363E-04
47.0 989.3621 -0.43227 0.000575 -9.981E-06 5.8141E-07 -9.834E-09 1.0627E-02 5.387E-04
47.1 989.3188 -0.43295 0.000574 -9.951E-06 5.8043E-07 -9.805E-09 1.0680E-02 5.410E-04
47.2 989.2755 -0.43363 0.000573 -9.924E-06 5.7945E-07 -9.777E-09 1.0735E-02 5.434E-04
47.3 989.2321 -0.43430 0.000572 -9.895E-06 5.7847E-07 -9.749E-09 1.0789E-02 5.457E-04
47.4 989.1886 -0.43498 0.000571 -9.868E-06 5.7750E-07 -9.721E-09 1.0844E-02 5.481E-04
47.5 989.1451 -0.43566 0.000570 -9.840E-06 5.7653E-07 -9.694E-09 1.0899E-02 5.505E-04
47.6 989.1015 -0.43633 0.000569 -9.811E-06 5.7556E-07 -9.666E-09 1.0954E-02 5.529E-04
47.7 989.0578 -0.43701 0.000568 -9.784E-06 5.7460E-07 -9.638E-09 1.1009E-02 5.553E-04
47.8 989.0141 -0.43768 0.000567 -9.757E-06 5.7363E-07 -9.611E-09 1.1065E-02 5.577E-04
47.9 988.9703 -0.43835 0.000566 -9.729E-06 5.7267E-07 -9.584E-09 1.1121E-02 5.601E-04
48.0 988.9264 -0.43902 0.000565 -9.701E-06 5.7172E-07 -9.556E-09 1.1177E-02 5.626E-04
48.1 988.8825 -0.43970 0.000564 -9.674E-06 5.7076E-07 -9.529E-09 1.1233E-02 5.650E-04
48.2 988.8385 -0.44037 0.000563 -9.647E-06 5.6981E-07 -9.502E-09 1.1290E-02 5.674E-04
48.3 988.7944 -0.44103 0.000562 -9.620E-06 5.6886E-07 -9.475E-09 1.1347E-02 5.699E-04
48.4 988.7503 -0.44170 0.000562 -9.593E-06 5.6792E-07 -9.448E-09 1.1404E-02 5.723E-04
48.5 988.7061 -0.44237 0.000561 -9.566E-06 5.6697E-07 -9.422E-09 1.1461E-02 5.748E-04
48.6 988.6618 -0.44304 0.000560 -9.539E-06 5.6603E-07 -9.395E-09 1.1519E-02 5.773E-04
48.7 988.6175 -0.44371 0.000559 -9.513E-06 5.6509E-07 -9.368E-09 1.1577E-02 5.798E-04
48.8 988.5731 -0.44437 0.000558 -9.486E-06 5.6416E-07 -9.342E-09 1.1635E-02 5.823E-04
48.9 988.5286 -0.44504 0.000557 -9.459E-06 5.6323E-07 -9.316E-09 1.1693E-02 5.848E-04
49.0 988.4841 -0.44570 0.000556 -9.433E-06 5.6229E-07 -9.289E-09 1.1752E-02 5.873E-04
49.1 988.4395 -0.44636 0.000555 -9.407E-06 5.6137E-07 -9.264E-09 1.1811E-02 5.898E-04
49.2 988.3948 -0.44703 0.000554 -9.381E-06 5.6044E-07 -9.238E-09 1.1870E-02 5.924E-04
49.3 988.3500 -0.44769 0.000553 -9.355E-06 5.5952E-07 -9.212E-09 1.1929E-02 5.949E-04
49.4 988.3052 -0.44835 0.000552 -9.329E-06 5.5860E-07 -9.186E-09 1.1989E-02 5.974E-04
49.5 988.2604 -0.44901 0.000551 -9.303E-06 5.5768E-07 -9.160E-09 1.2049E-02 6.000E-04
49.6 988.2154 -0.44967 0.000550 -9.277E-06 5.5677E-07 -9.134E-09 1.2109E-02 6.026E-04
49.7 988.1704 -0.45033 0.000549 -9.252E-06 5.5586E-07 -9.109E-09 1.2169E-02 6.051E-04
49.8 988.1254 -0.45098 0.000548 -9.226E-06 5.5495E-07 -9.084E-09 1.2230E-02 6.077E-04
49.9 988.0802 -0.45164 0.000547 -9.200E-06 5.5404E-07 -9.058E-09 1.2291E-02 6.103E-04
50.0 988.0351 -0.45230 0.000547 0 5.5313E-07 0 1.2352E-02 0