Columns:
Temp (°C)
Density (kg/m3)
ρ∂/∂t (kg/m3⋅°C) 
Viscosity (Pa⋅s)
∂μ/∂t (Pa⋅s/°C) 
ν = μ/ρ (m2/s)
∂ν/∂t (m2/s⋅°C) 
Pressure pv (MPa)
∂pv/∂t (MPa/°C)

0.1 1028.1499 0 0.001900 0 1.8480E-06 0 6.0306E-04 0
0.2 1028.1442 -0.0575 0.001894 -6.462E-05 1.8417E-06 -6.275E-08 6.0745E-04 4.407E-05
0.3 1028.1384 -0.0585 0.001887 -6.427E-05 1.8354E-06 -6.240E-08 6.1187E-04 4.436E-05
0.4 1028.1325 -0.0600 0.001881 -6.391E-05 1.8292E-06 -6.206E-08 6.1632E-04 4.464E-05
0.5 1028.1264 -0.0615 0.001874 -6.356E-05 1.8230E-06 -6.172E-08 6.2080E-04 4.493E-05
0.6 1028.1202 -0.0625 0.001868 -6.322E-05 1.8169E-06 -6.138E-08 6.2531E-04 4.522E-05
0.7 1028.1139 -0.0640 0.001862 -6.287E-05 1.8107E-06 -6.104E-08 6.2985E-04 4.551E-05
0.8 1028.1074 -0.0655 0.001855 -6.253E-05 1.8047E-06 -6.071E-08 6.3441E-04 4.580E-05
0.9 1028.1008 -0.0665 0.001849 -6.219E-05 1.7986E-06 -6.038E-08 6.3901E-04 4.609E-05
1.0 1028.0941 -0.0680 0.001843 -6.186E-05 1.7926E-06 -6.005E-08 6.4363E-04 4.639E-05
1.1 1028.0872 -0.0695 0.001837 -6.152E-05 1.7866E-06 -5.972E-08 6.4828E-04 4.669E-05
1.2 1028.0802 -0.0705 0.001831 -6.119E-05 1.7806E-06 -5.940E-08 6.5297E-04 4.699E-05
1.3 1028.0731 -0.0720 0.001825 -6.086E-05 1.7747E-06 -5.907E-08 6.5768E-04 4.729E-05
1.4 1028.0658 -0.0730 0.001818 -6.053E-05 1.7688E-06 -5.876E-08 6.6243E-04 4.759E-05
1.5 1028.0585 -0.0740 0.001812 -6.021E-05 1.7630E-06 -5.844E-08 6.6720E-04 4.789E-05
1.6 1028.0510 -0.0760 0.001806 -5.989E-05 1.7571E-06 -5.812E-08 6.7200E-04 4.820E-05
1.7 1028.0433 -0.0770 0.001800 -5.957E-05 1.7513E-06 -5.781E-08 6.7684E-04 4.850E-05
1.8 1028.0356 -0.0780 0.001795 -5.925E-05 1.7456E-06 -5.750E-08 6.8170E-04 4.881E-05
1.9 1028.0277 -0.0795 0.001789 -5.893E-05 1.7398E-06 -5.719E-08 6.8660E-04 4.912E-05
2.0 1028.0197 -0.0810 0.001783 -5.862E-05 1.7341E-06 -5.689E-08 6.9153E-04 4.944E-05
2.1 1028.0115 -0.0820 0.001777 -5.831E-05 1.7285E-06 -5.658E-08 6.9649E-04 4.975E-05
2.2 1028.0033 -0.0830 0.001771 -5.800E-05 1.7228E-06 -5.628E-08 7.0148E-04 5.006E-05
2.3 1027.9949 -0.0845 0.001765 -5.770E-05 1.7172E-06 -5.598E-08 7.0650E-04 5.038E-05
2.4 1027.9864 -0.0855 0.001760 -5.739E-05 1.7116E-06 -5.569E-08 7.1156E-04 5.070E-05
2.5 1027.9778 -0.0870 0.001754 -5.709E-05 1.7061E-06 -5.539E-08 7.1664E-04 5.102E-05
2.6 1027.9690 -0.0885 0.001748 -5.679E-05 1.7005E-06 -5.510E-08 7.2176E-04 5.134E-05
2.7 1027.9601 -0.0895 0.001742 -5.649E-05 1.6950E-06 -5.481E-08 7.2691E-04 5.167E-05
2.8 1027.9511 -0.0905 0.001737 -5.620E-05 1.6896E-06 -5.452E-08 7.3209E-04 5.199E-05
2.9 1027.9420 -0.0920 0.001731 -5.591E-05 1.6841E-06 -5.424E-08 7.3731E-04 5.232E-05
3.0 1027.9327 -0.0930 0.001726 -5.561E-05 1.6787E-06 -5.395E-08 7.4256E-04 5.265E-05
3.1 1027.9234 -0.0940 0.001720 -5.533E-05 1.6734E-06 -5.367E-08 7.4784E-04 5.298E-05
3.2 1027.9139 -0.0960 0.001715 -5.504E-05 1.6680E-06 -5.339E-08 7.5315E-04 5.331E-05
3.3 1027.9042 -0.0970 0.001709 -5.475E-05 1.6627E-06 -5.311E-08 7.5850E-04 5.365E-05
3.4 1027.8945 -0.0980 0.001704 -5.447E-05 1.6574E-06 -5.283E-08 7.6388E-04 5.399E-05
3.5 1027.8846 -0.0990 0.001698 -5.419E-05 1.6521E-06 -5.256E-08 7.6930E-04 5.432E-05
3.6 1027.8747 -0.1000 0.001693 -5.391E-05 1.6469E-06 -5.229E-08 7.7475E-04 5.466E-05
3.7 1027.8646 -0.1015 0.001687 -5.364E-05 1.6416E-06 -5.202E-08 7.8023E-04 5.501E-05
3.8 1027.8544 -0.1030 0.001682 -5.336E-05 1.6365E-06 -5.175E-08 7.8575E-04 5.535E-05
3.9 1027.8440 -0.1040 0.001677 -5.309E-05 1.6313E-06 -5.148E-08 7.9130E-04 5.570E-05
4.0 1027.8336 -0.1050 0.001671 -5.282E-05 1.6262E-06 -5.122E-08 7.9689E-04 5.604E-05
4.1 1027.8230 -0.1065 0.001666 -5.255E-05 1.6211E-06 -5.096E-08 8.0251E-04 5.639E-05
4.2 1027.8123 -0.1075 0.001661 -5.228E-05 1.6160E-06 -5.070E-08 8.0817E-04 5.675E-05
4.3 1027.8015 -0.1085 0.001656 -5.201E-05 1.6109E-06 -5.044E-08 8.1386E-04 5.710E-05
4.4 1027.7906 -0.1100 0.001651 -5.175E-05 1.6059E-06 -5.018E-08 8.1959E-04 5.745E-05
4.5 1027.7795 -0.1110 0.001645 -5.149E-05 1.6009E-06 -4.992E-08 8.2535E-04 5.781E-05
4.6 1027.7684 -0.1120 0.001640 -5.123E-05 1.5959E-06 -4.967E-08 8.3115E-04 5.817E-05
4.7 1027.7571 -0.1135 0.001635 -5.097E-05 1.5909E-06 -4.942E-08 8.3699E-04 5.853E-05
4.8 1027.7457 -0.1145 0.001630 -5.071E-05 1.5860E-06 -4.917E-08 8.4286E-04 5.889E-05
4.9 1027.7342 -0.1160 0.001625 -5.046E-05 1.5811E-06 -4.892E-08 8.4876E-04 5.926E-05
5.0 1027.7225 -0.1170 0.001620 -5.021E-05 1.5762E-06 -4.867E-08 8.5471E-04 5.962E-05
5.1 1027.7108 -0.1180 0.001615 -4.996E-05 1.5714E-06 -4.843E-08 8.6069E-04 5.999E-05
5.2 1027.6989 -0.1190 0.001610 -4.971E-05 1.5665E-06 -4.818E-08 8.6671E-04 6.036E-05
5.3 1027.6870 -0.1200 0.001605 -4.946E-05 1.5617E-06 -4.794E-08 8.7276E-04 6.074E-05
5.4 1027.6749 -0.1215 0.001600 -4.921E-05 1.5570E-06 -4.770E-08 8.7885E-04 6.111E-05
5.5 1027.6627 -0.1225 0.001595 -4.897E-05 1.5522E-06 -4.746E-08 8.8498E-04 6.149E-05
5.6 1027.6504 -0.1240 0.001590 -4.873E-05 1.5475E-06 -4.723E-08 8.9115E-04 6.186E-05
5.7 1027.6379 -0.1250 0.001585 -4.848E-05 1.5428E-06 -4.699E-08 8.9736E-04 6.225E-05
5.8 1027.6254 -0.1260 0.001581 -4.824E-05 1.5381E-06 -4.676E-08 9.0360E-04 6.263E-05
5.9 1027.6127 -0.1270 0.001576 -4.801E-05 1.5334E-06 -4.653E-08 9.0988E-04 6.301E-05
6.0 1027.6000 -0.1280 0.001571 -4.777E-05 1.5288E-06 -4.630E-08 9.1620E-04 6.340E-05
6.1 1027.5871 -0.1295 0.001566 -4.754E-05 1.5241E-06 -4.607E-08 9.2256E-04 6.379E-05
6.2 1027.5741 -0.1305 0.001561 -4.730E-05 1.5195E-06 -4.584E-08 9.2896E-04 6.418E-05
6.3 1027.5610 -0.1315 0.001557 -4.707E-05 1.5150E-06 -4.562E-08 9.3540E-04 6.457E-05
6.4 1027.5478 -0.1330 0.001552 -4.684E-05 1.5104E-06 -4.539E-08 9.4187E-04 6.496E-05
6.5 1027.5344 -0.1340 0.001547 -4.661E-05 1.5059E-06 -4.517E-08 9.4839E-04 6.536E-05
6.6 1027.5210 -0.1345 0.001543 -4.639E-05 1.5014E-06 -4.495E-08 9.5495E-04 6.576E-05
6.7 1027.5075 -0.1360 0.001538 -4.616E-05 1.4969E-06 -4.473E-08 9.6154E-04 6.616E-05
6.8 1027.4938 -0.1375 0.001533 -4.594E-05 1.4924E-06 -4.451E-08 9.6818E-04 6.656E-05
6.9 1027.4800 -0.1380 0.001529 -4.572E-05 1.4880E-06 -4.429E-08 9.7485E-04 6.697E-05
7.0 1027.4662 -0.1390 0.001524 -4.549E-05 1.4836E-06 -4.408E-08 9.8157E-04 6.738E-05
7.1 1027.4522 -0.1405 0.001520 -4.528E-05 1.4792E-06 -4.386E-08 9.8833E-04 6.779E-05
7.2 1027.4381 -0.1415 0.001515 -4.506E-05 1.4748E-06 -4.365E-08 9.9513E-04 6.820E-05
7.3 1027.4239 -0.1430 0.001511 -4.484E-05 1.4705E-06 -4.344E-08 1.0020E-03 6.861E-05
7.4 1027.4095 -0.1440 0.001506 -4.463E-05 1.4661E-06 -4.323E-08 1.0089E-03 6.903E-05
7.5 1027.3951 -0.1445 0.001502 -4.441E-05 1.4618E-06 -4.302E-08 1.0158E-03 6.944E-05
7.6 1027.3806 -0.1460 0.001497 -4.420E-05 1.4575E-06 -4.281E-08 1.0227E-03 6.986E-05
7.7 1027.3659 -0.1470 0.001493 -4.399E-05 1.4533E-06 -4.261E-08 1.0297E-03 7.029E-05
7.8 1027.3512 -0.1480 0.001489 -4.378E-05 1.4490E-06 -4.241E-08 1.0368E-03 7.071E-05
7.9 1027.3363 -0.1490 0.001484 -4.357E-05 1.4448E-06 -4.220E-08 1.0439E-03 7.114E-05
8.0 1027.3214 -0.1500 0.001480 -4.337E-05 1.4406E-06 -4.200E-08 1.0510E-03 7.156E-05
8.1 1027.3063 -0.1515 0.001476 -4.316E-05 1.4364E-06 -4.180E-08 1.0582E-03 7.200E-05
8.2 1027.2911 -0.1525 0.001471 -4.296E-05 1.4322E-06 -4.160E-08 1.0654E-03 7.243E-05
8.3 1027.2758 -0.1530 0.001467 -4.275E-05 1.4280E-06 -4.141E-08 1.0727E-03 7.286E-05
8.4 1027.2605 -0.1540 0.001463 -4.255E-05 1.4239E-06 -4.121E-08 1.0800E-03 7.330E-05
8.5 1027.2450 -0.1555 0.001458 -4.235E-05 1.4198E-06 -4.101E-08 1.0873E-03 7.374E-05
8.6 1027.2294 -0.1570 0.001454 -4.215E-05 1.4157E-06 -4.082E-08 1.0947E-03 7.418E-05
8.7 1027.2136 -0.1580 0.001450 -4.196E-05 1.4116E-06 -4.063E-08 1.1022E-03 7.463E-05
8.8 1027.1978 -0.1585 0.001446 -4.176E-05 1.4076E-06 -4.044E-08 1.1097E-03 7.507E-05
8.9 1027.1819 -0.1595 0.001442 -4.156E-05 1.4036E-06 -4.025E-08 1.1172E-03 7.552E-05
9.0 1027.1659 -0.1605 0.001438 -4.137E-05 1.3995E-06 -4.006E-08 1.1248E-03 7.597E-05
9.1 1027.1498 -0.1620 0.001433 -4.118E-05 1.3955E-06 -3.987E-08 1.1324E-03 7.643E-05
9.2 1027.1335 -0.1630 0.001429 -4.099E-05 1.3916E-06 -3.968E-08 1.1401E-03 7.688E-05
9.3 1027.1172 -0.1635 0.001425 -4.080E-05 1.3876E-06 -3.950E-08 1.1478E-03 7.734E-05
9.4 1027.1008 -0.1650 0.001421 -4.061E-05 1.3837E-06 -3.931E-08 1.1555E-03 7.780E-05
9.5 1027.0842 -0.1660 0.001417 -4.042E-05 1.3797E-06 -3.913E-08 1.1633E-03 7.827E-05
9.6 1027.0676 -0.1670 0.001413 -4.023E-05 1.3758E-06 -3.895E-08 1.1712E-03 7.873E-05
9.7 1027.0508 -0.1680 0.001409 -4.005E-05 1.3720E-06 -3.877E-08 1.1791E-03 7.920E-05
9.8 1027.0340 -0.1690 0.001405 -3.987E-05 1.3681E-06 -3.859E-08 1.1870E-03 7.967E-05
9.9 1027.0170 -0.1700 0.001401 -3.968E-05 1.3642E-06 -3.841E-08 1.1950E-03 8.014E-05
10.0 1027.0000 -0.1710 0.001397 -3.950E-05 1.3604E-06 -3.823E-08 1.2030E-03 8.061E-05
10.1 1026.9828 -0.1725 0.001393 -3.932E-05 1.3566E-06 -3.806E-08 1.2111E-03 8.109E-05
10.2 1026.9655 -0.1730 0.001389 -3.914E-05 1.3528E-06 -3.788E-08 1.2193E-03 8.157E-05
10.3 1026.9482 -0.1740 0.001385 -3.896E-05 1.3490E-06 -3.771E-08 1.2274E-03 8.205E-05
10.4 1026.9307 -0.1755 0.001381 -3.878E-05 1.3453E-06 -3.754E-08 1.2357E-03 8.254E-05
10.5 1026.9131 -0.1760 0.001378 -3.861E-05 1.3415E-06 -3.737E-08 1.2440E-03 8.302E-05
10.6 1026.8955 -0.1770 0.001374 -3.843E-05 1.3378E-06 -3.720E-08 1.2523E-03 8.351E-05
10.7 1026.8777 -0.1785 0.001370 -3.826E-05 1.3341E-06 -3.703E-08 1.2607E-03 8.401E-05
10.8 1026.8598 -0.1790 0.001366 -3.809E-05 1.3304E-06 -3.686E-08 1.2691E-03 8.450E-05
10.9 1026.8419 -0.1800 0.001362 -3.791E-05 1.3267E-06 -3.669E-08 1.2776E-03 8.500E-05
11.0 1026.8238 -0.1815 0.001359 -3.774E-05 1.3230E-06 -3.652E-08 1.2861E-03 8.550E-05
11.1 1026.8056 -0.1825 0.001355 -3.757E-05 1.3194E-06 -3.636E-08 1.2947E-03 8.600E-05
11.2 1026.7873 -0.1830 0.001351 -3.741E-05 1.3158E-06 -3.620E-08 1.3033E-03 8.650E-05
11.3 1026.7690 -0.1840 0.001347 -3.724E-05 1.3122E-06 -3.603E-08 1.3120E-03 8.701E-05
11.4 1026.7505 -0.1855 0.001344 -3.707E-05 1.3086E-06 -3.587E-08 1.3207E-03 8.752E-05
11.5 1026.7319 -0.1860 0.001340 -3.691E-05 1.3050E-06 -3.571E-08 1.3295E-03 8.803E-05
11.6 1026.7133 -0.1870 0.001336 -3.674E-05 1.3014E-06 -3.555E-08 1.3383E-03 8.854E-05
11.7 1026.6945 -0.1885 0.001333 -3.658E-05 1.2979E-06 -3.539E-08 1.3472E-03 8.906E-05
11.8 1026.6756 -0.1890 0.001329 -3.642E-05 1.2943E-06 -3.523E-08 1.3561E-03 8.958E-05
11.9 1026.6567 -0.1900 0.001325 -3.625E-05 1.2908E-06 -3.507E-08 1.3651E-03 9.010E-05
12.0 1026.6376 -0.1915 0.001322 -3.609E-05 1.2873E-06 -3.492E-08 1.3741E-03 9.063E-05
12.1 1026.6184 -0.1920 0.001318 -3.593E-05 1.2838E-06 -3.476E-08 1.3832E-03 9.115E-05
12.2 1026.5992 -0.1930 0.001314 -3.578E-05 1.2804E-06 -3.461E-08 1.3924E-03 9.168E-05
12.3 1026.5798 -0.1940 0.001311 -3.562E-05 1.2769E-06 -3.446E-08 1.4015E-03 9.221E-05
12.4 1026.5604 -0.1950 0.001307 -3.546E-05 1.2735E-06 -3.430E-08 1.4108E-03 9.275E-05
12.5 1026.5408 -0.1960 0.001304 -3.531E-05 1.2701E-06 -3.415E-08 1.4201E-03 9.329E-05
12.6 1026.5212 -0.1970 0.001300 -3.515E-05 1.2666E-06 -3.400E-08 1.4295E-03 9.383E-05
12.7 1026.5014 -0.1980 0.001297 -3.500E-05 1.2633E-06 -3.385E-08 1.4389E-03 9.437E-05
12.8 1026.4816 -0.1985 0.001293 -3.484E-05 1.2599E-06 -3.370E-08 1.4483E-03 9.492E-05
12.9 1026.4617 -0.2000 0.001290 -3.469E-05 1.2565E-06 -3.355E-08 1.4578E-03 9.546E-05
13.0 1026.4416 -0.2010 0.001286 -3.454E-05 1.2532E-06 -3.341E-08 1.4674E-03 9.601E-05
13.1 1026.4215 -0.2015 0.001283 -3.439E-05 1.2498E-06 -3.326E-08 1.4770E-03 9.657E-05
13.2 1026.4013 -0.2030 0.001279 -3.424E-05 1.2465E-06 -3.312E-08 1.4867E-03 9.713E-05
13.3 1026.3809 -0.2040 0.001276 -3.409E-05 1.2432E-06 -3.297E-08 1.4965E-03 9.768E-05
13.4 1026.3605 -0.2045 0.001273 -3.395E-05 1.2399E-06 -3.283E-08 1.5063E-03 9.825E-05
13.5 1026.3400 -0.2055 0.001269 -3.380E-05 1.2366E-06 -3.268E-08 1.5161E-03 9.881E-05
13.6 1026.3194 -0.2065 0.001266 -3.365E-05 1.2334E-06 -3.254E-08 1.5260E-03 9.938E-05
13.7 1026.2987 -0.2075 0.001262 -3.351E-05 1.2301E-06 -3.240E-08 1.5360E-03 9.995E-05
13.8 1026.2779 -0.2085 0.001259 -3.337E-05 1.2269E-06 -3.226E-08 1.5460E-03 1.005E-04
13.9 1026.2570 -0.2095 0.001256 -3.322E-05 1.2237E-06 -3.212E-08 1.5561E-03 1.011E-04
14.0 1026.2360 -0.2105 0.001252 -3.308E-05 1.2205E-06 -3.198E-08 1.5662E-03 1.017E-04
14.1 1026.2149 -0.2110 0.001249 -3.294E-05 1.2173E-06 -3.185E-08 1.5764E-03 1.023E-04
14.2 1026.1938 -0.2120 0.001246 -3.280E-05 1.2141E-06 -3.171E-08 1.5867E-03 1.028E-04
14.3 1026.1725 -0.2135 0.001243 -3.266E-05 1.2109E-06 -3.157E-08 1.5970E-03 1.034E-04
14.4 1026.1511 -0.2140 0.001239 -3.252E-05 1.2078E-06 -3.144E-08 1.6074E-03 1.040E-04
14.5 1026.1297 -0.2150 0.001236 -3.238E-05 1.2047E-06 -3.130E-08 1.6178E-03 1.046E-04
14.6 1026.1081 -0.2160 0.001233 -3.224E-05 1.2015E-06 -3.117E-08 1.6283E-03 1.052E-04
14.7 1026.0865 -0.2170 0.001230 -3.211E-05 1.1984E-06 -3.104E-08 1.6389E-03 1.058E-04
14.8 1026.0647 -0.2180 0.001226 -3.197E-05 1.1953E-06 -3.091E-08 1.6495E-03 1.064E-04
14.9 1026.0429 -0.2185 0.001223 -3.184E-05 1.1922E-06 -3.077E-08 1.6601E-03 1.070E-04
15.0 1026.0210 -0.2195 0.001220 -3.170E-05 1.1892E-06 -3.064E-08 1.6709E-03 1.076E-04
15.1 1025.9990 -0.2205 0.001217 -3.157E-05 1.1861E-06 -3.051E-08 1.6817E-03 1.082E-04
15.2 1025.9769 -0.2215 0.001214 -3.144E-05 1.1831E-06 -3.038E-08 1.6925E-03 1.088E-04
15.3 1025.9547 -0.2225 0.001211 -3.130E-05 1.1800E-06 -3.026E-08 1.7034E-03 1.095E-04
15.4 1025.9324 -0.2235 0.001208 -3.117E-05 1.1770E-06 -3.013E-08 1.7144E-03 1.101E-04
15.5 1025.9100 -0.2245 0.001204 -3.104E-05 1.1740E-06 -3.000E-08 1.7254E-03 1.107E-04
15.6 1025.8875 -0.2250 0.001201 -3.091E-05 1.1710E-06 -2.988E-08 1.7365E-03 1.113E-04
15.7 1025.8650 -0.2260 0.001198 -3.078E-05 1.1680E-06 -2.975E-08 1.7477E-03 1.119E-04
15.8 1025.8423 -0.2270 0.001195 -3.066E-05 1.1651E-06 -2.963E-08 1.7589E-03 1.126E-04
15.9 1025.8196 -0.2280 0.001192 -3.053E-05 1.1621E-06 -2.950E-08 1.7702E-03 1.132E-04
16.0 1025.7967 -0.2290 0.001189 -3.040E-05 1.1592E-06 -2.938E-08 1.7816E-03 1.139E-04
16.1 1025.7738 -0.2295 0.001186 -3.028E-05 1.1562E-06 -2.926E-08 1.7930E-03 1.145E-04
16.2 1025.7508 -0.2310 0.001183 -3.015E-05 1.1533E-06 -2.913E-08 1.8045E-03 1.151E-04
16.3 1025.7276 -0.2320 0.001180 -3.003E-05 1.1504E-06 -2.901E-08 1.8160E-03 1.158E-04
16.4 1025.7044 -0.2325 0.001177 -2.990E-05 1.1475E-06 -2.889E-08 1.8276E-03 1.164E-04
16.5 1025.6811 -0.2330 0.001174 -2.978E-05 1.1446E-06 -2.877E-08 1.8393E-03 1.171E-04
16.6 1025.6578 -0.2340 0.001171 -2.966E-05 1.1418E-06 -2.865E-08 1.8510E-03 1.177E-04
16.7 1025.6343 -0.2355 0.001168 -2.954E-05 1.1389E-06 -2.854E-08 1.8629E-03 1.184E-04
16.8 1025.6107 -0.2360 0.001165 -2.942E-05 1.1360E-06 -2.842E-08 1.8747E-03 1.191E-04
16.9 1025.5871 -0.2370 0.001162 -2.929E-05 1.1332E-06 -2.830E-08 1.8867E-03 1.197E-04
17.0 1025.5633 -0.2380 0.001159 -2.918E-05 1.1304E-06 -2.819E-08 1.8987E-03 1.204E-04
17.1 1025.5395 -0.2385 0.001156 -2.906E-05 1.1276E-06 -2.807E-08 1.9107E-03 1.211E-04
17.2 1025.5156 -0.2395 0.001153 -2.894E-05 1.1248E-06 -2.796E-08 1.9229E-03 1.217E-04
17.3 1025.4916 -0.2405 0.001151 -2.882E-05 1.1220E-06 -2.784E-08 1.9351E-03 1.224E-04
17.4 1025.4675 -0.2415 0.001148 -2.870E-05 1.1192E-06 -2.773E-08 1.9474E-03 1.231E-04
17.5 1025.4433 -0.2425 0.001145 -2.859E-05 1.1164E-06 -2.761E-08 1.9597E-03 1.238E-04
17.6 1025.4190 -0.2430 0.001142 -2.847E-05 1.1137E-06 -2.750E-08 1.9721E-03 1.245E-04
17.7 1025.3947 -0.2440 0.001139 -2.836E-05 1.1109E-06 -2.739E-08 1.9846E-03 1.252E-04
17.8 1025.3702 -0.2450 0.001136 -2.824E-05 1.1082E-06 -2.728E-08 1.9971E-03 1.258E-04
17.9 1025.3457 -0.2460 0.001134 -2.813E-05 1.1055E-06 -2.717E-08 2.0098E-03 1.265E-04
18.0 1025.3210 -0.2470 0.001131 -2.801E-05 1.1028E-06 -2.706E-08 2.0225E-03 1.272E-04
18.1 1025.2963 -0.2475 0.001128 -2.790E-05 1.1001E-06 -2.695E-08 2.0352E-03 1.279E-04
18.2 1025.2715 -0.2485 0.001125 -2.779E-05 1.0974E-06 -2.684E-08 2.0480E-03 1.287E-04
18.3 1025.2466 -0.2495 0.001122 -2.768E-05 1.0947E-06 -2.673E-08 2.0609E-03 1.294E-04
18.4 1025.2216 -0.2500 0.001120 -2.757E-05 1.0920E-06 -2.662E-08 2.0739E-03 1.301E-04
18.5 1025.1966 -0.2510 0.001117 -2.746E-05 1.0894E-06 -2.652E-08 2.0870E-03 1.308E-04
18.6 1025.1714 -0.2520 0.001114 -2.735E-05 1.0867E-06 -2.641E-08 2.1001E-03 1.315E-04
18.7 1025.1462 -0.2525 0.001111 -2.724E-05 1.0841E-06 -2.631E-08 2.1133E-03 1.322E-04
18.8 1025.1209 -0.2535 0.001109 -2.713E-05 1.0815E-06 -2.620E-08 2.1265E-03 1.330E-04
18.9 1025.0955 -0.2545 0.001106 -2.702E-05 1.0789E-06 -2.610E-08 2.1399E-03 1.337E-04
19.0 1025.0700 -0.2555 0.001103 -2.692E-05 1.0763E-06 -2.599E-08 2.1533E-03 1.344E-04
19.1 1025.0444 -0.2565 0.001101 -2.681E-05 1.0737E-06 -2.589E-08 2.1667E-03 1.352E-04
19.2 1025.0187 -0.2575 0.001098 -2.671E-05 1.0711E-06 -2.578E-08 2.1803E-03 1.359E-04
19.3 1024.9929 -0.2580 0.001095 -2.660E-05 1.0685E-06 -2.568E-08 2.1939E-03 1.366E-04
19.4 1024.9671 -0.2585 0.001093 -2.650E-05 1.0659E-06 -2.558E-08 2.2076E-03 1.374E-04
19.5 1024.9412 -0.2595 0.001090 -2.639E-05 1.0634E-06 -2.548E-08 2.2214E-03 1.381E-04
19.6 1024.9152 -0.2605 0.001087 -2.629E-05 1.0608E-06 -2.538E-08 2.2353E-03 1.389E-04
19.7 1024.8891 -0.2615 0.001085 -2.618E-05 1.0583E-06 -2.528E-08 2.2492E-03 1.397E-04
19.8 1024.8629 -0.2625 0.001082 -2.608E-05 1.0558E-06 -2.518E-08 2.2632E-03 1.404E-04
19.9 1024.8366 -0.2630 0.001079 -2.598E-05 1.0533E-06 -2.508E-08 2.2773E-03 1.412E-04
20.0 1024.8103 -0.2640 0.001077 -2.588E-05 1.0508E-06 -2.498E-08 2.2914E-03 1.419E-04
20.1 1024.7838 -0.2650 0.001074 -2.578E-05 1.0483E-06 -2.488E-08 2.3056E-03 1.427E-04
20.2 1024.7573 -0.2655 0.001072 -2.568E-05 1.0458E-06 -2.479E-08 2.3200E-03 1.435E-04
20.3 1024.7307 -0.2665 0.001069 -2.558E-05 1.0433E-06 -2.469E-08 2.3343E-03 1.443E-04
20.4 1024.7040 -0.2675 0.001067 -2.548E-05 1.0409E-06 -2.459E-08 2.3488E-03 1.451E-04
20.5 1024.6772 -0.2680 0.001064 -2.538E-05 1.0384E-06 -2.450E-08 2.3634E-03 1.458E-04
20.6 1024.6504 -0.2690 0.001061 -2.528E-05 1.0360E-06 -2.440E-08 2.3780E-03 1.466E-04
20.7 1024.6234 -0.2700 0.001059 -2.518E-05 1.0335E-06 -2.431E-08 2.3927E-03 1.474E-04
20.8 1024.5964 -0.2705 0.001056 -2.509E-05 1.0311E-06 -2.421E-08 2.4075E-03 1.482E-04
20.9 1024.5693 -0.2715 0.001054 -2.499E-05 1.0287E-06 -2.412E-08 2.4223E-03 1.490E-04
21.0 1024.5421 -0.2725 0.001051 -2.489E-05 1.0263E-06 -2.402E-08 2.4373E-03 1.498E-04
21.1 1024.5148 -0.2735 0.001049 -2.480E-05 1.0239E-06 -2.393E-08 2.4523E-03 1.506E-04
21.2 1024.4874 -0.2740 0.001047 -2.470E-05 1.0215E-06 -2.384E-08 2.4674E-03 1.514E-04
21.3 1024.4600 -0.2745 0.001044 -2.461E-05 1.0191E-06 -2.375E-08 2.4826E-03 1.523E-04
21.4 1024.4325 -0.2755 0.001042 -2.451E-05 1.0167E-06 -2.366E-08 2.4978E-03 1.531E-04
21.5 1024.4049 -0.2765 0.001039 -2.442E-05 1.0144E-06 -2.357E-08 2.5132E-03 1.539E-04
21.6 1024.3772 -0.2775 0.001037 -2.433E-05 1.0120E-06 -2.347E-08 2.5286E-03 1.547E-04
21.7 1024.3494 -0.2785 0.001034 -2.424E-05 1.0097E-06 -2.338E-08 2.5441E-03 1.555E-04
21.8 1024.3215 -0.2790 0.001032 -2.414E-05 1.0073E-06 -2.330E-08 2.5597E-03 1.564E-04
21.9 1024.2936 -0.2795 0.001029 -2.405E-05 1.0050E-06 -2.321E-08 2.5754E-03 1.572E-04
22.0 1024.2656 -0.2805 0.001027 -2.396E-05 1.0027E-06 -2.312E-08 2.5912E-03 1.581E-04
22.1 1024.2375 -0.2815 0.001025 -2.387E-05 1.0004E-06 -2.303E-08 2.6070E-03 1.589E-04
22.2 1024.2093 -0.2825 0.001022 -2.378E-05 9.9810E-07 -2.294E-08 2.6230E-03 1.598E-04
22.3 1024.1810 -0.2835 0.001020 -2.369E-05 9.9581E-07 -2.285E-08 2.6390E-03 1.606E-04
22.4 1024.1526 -0.2840 0.001018 -2.360E-05 9.9353E-07 -2.277E-08 2.6551E-03 1.615E-04
22.5 1024.1242 -0.2845 0.001015 -2.351E-05 9.9126E-07 -2.268E-08 2.6713E-03 1.623E-04
22.6 1024.0957 -0.2855 0.001013 -2.342E-05 9.8899E-07 -2.260E-08 2.6875E-03 1.632E-04
22.7 1024.0671 -0.2865 0.001010 -2.334E-05 9.8674E-07 -2.251E-08 2.7039E-03 1.641E-04
22.8 1024.0384 -0.2870 0.001008 -2.325E-05 9.8449E-07 -2.243E-08 2.7204E-03 1.649E-04
22.9 1024.0097 -0.2880 0.001006 -2.316E-05 9.8225E-07 -2.234E-08 2.7369E-03 1.658E-04
23.0 1023.9808 -0.2890 0.001004 -2.307E-05 9.8002E-07 -2.226E-08 2.7535E-03 1.667E-04
23.1 1023.9519 -0.2895 0.001001 -2.299E-05 9.7780E-07 -2.217E-08 2.7702E-03 1.676E-04
23.2 1023.9229 -0.2905 0.000999 -2.290E-05 9.7559E-07 -2.209E-08 2.7870E-03 1.684E-04
23.3 1023.8938 -0.2910 0.000997 -2.282E-05 9.7338E-07 -2.201E-08 2.8039E-03 1.693E-04
23.4 1023.8647 -0.2920 0.000994 -2.273E-05 9.7119E-07 -2.193E-08 2.8209E-03 1.702E-04
23.5 1023.8354 -0.2930 0.000992 -2.265E-05 9.6900E-07 -2.184E-08 2.8380E-03 1.711E-04
23.6 1023.8061 -0.2935 0.000990 -2.256E-05 9.6682E-07 -2.176E-08 2.8551E-03 1.720E-04
23.7 1023.7767 -0.2945 0.000988 -2.248E-05 9.6464E-07 -2.168E-08 2.8724E-03 1.729E-04
23.8 1023.7472 -0.2950 0.000985 -2.240E-05 9.6248E-07 -2.160E-08 2.8897E-03 1.739E-04
23.9 1023.7177 -0.2955 0.000983 -2.232E-05 9.6032E-07 -2.152E-08 2.9071E-03 1.748E-04
24.0 1023.6881 -0.2970 0.000981 -2.223E-05 9.5818E-07 -2.144E-08 2.9247E-03 1.757E-04
24.1 1023.6583 -0.2980 0.000979 -2.215E-05 9.5604E-07 -2.136E-08 2.9423E-03 1.766E-04
24.2 1023.6285 -0.2980 0.000976 -2.207E-05 9.5390E-07 -2.128E-08 2.9600E-03 1.775E-04
24.3 1023.5987 -0.2990 0.000974 -2.199E-05 9.5178E-07 -2.120E-08 2.9778E-03 1.785E-04
24.4 1023.5687 -0.3000 0.000972 -2.191E-05 9.4966E-07 -2.113E-08 2.9957E-03 1.794E-04
24.5 1023.5387 -0.3005 0.000970 -2.183E-05 9.4755E-07 -2.105E-08 3.0137E-03 1.803E-04
24.6 1023.5086 -0.3015 0.000968 -2.175E-05 9.4545E-07 -2.097E-08 3.0317E-03 1.813E-04
24.7 1023.4784 -0.3025 0.000966 -2.167E-05 9.4336E-07 -2.089E-08 3.0499E-03 1.822E-04
24.8 1023.4481 -0.3030 0.000963 -2.159E-05 9.4128E-07 -2.082E-08 3.0682E-03 1.832E-04
24.9 1023.4178 -0.3040 0.000961 -2.151E-05 9.3920E-07 -2.074E-08 3.0866E-03 1.841E-04
25.0 1023.3873 -0.3050 0.000959 -2.143E-05 9.3713E-07 -2.066E-08 3.1050E-03 1.851E-04
25.1 1023.3568 -0.3050 0.000957 -2.136E-05 9.3506E-07 -2.059E-08 3.1236E-03 1.861E-04
25.2 1023.3263 -0.3060 0.000955 -2.128E-05 9.3301E-07 -2.051E-08 3.1422E-03 1.870E-04
25.3 1023.2956 -0.3070 0.000953 -2.120E-05 9.3096E-07 -2.044E-08 3.1610E-03 1.880E-04
25.4 1023.2649 -0.3080 0.000951 -2.112E-05 9.2892E-07 -2.036E-08 3.1798E-03 1.890E-04
25.5 1023.2340 -0.3085 0.000948 -2.105E-05 9.2689E-07 -2.029E-08 3.1988E-03 1.900E-04
25.6 1023.2032 -0.3090 0.000946 -2.097E-05 9.2486E-07 -2.022E-08 3.2178E-03 1.910E-04
25.7 1023.1722 -0.3105 0.000944 -2.090E-05 9.2284E-07 -2.014E-08 3.2370E-03 1.919E-04
25.8 1023.1411 -0.3110 0.000942 -2.082E-05 9.2083E-07 -2.007E-08 3.2562E-03 1.929E-04
25.9 1023.1100 -0.3115 0.000940 -2.075E-05 9.1883E-07 -2.000E-08 3.2756E-03 1.939E-04
26.0 1023.0788 -0.3125 0.000938 -2.067E-05 9.1683E-07 -1.993E-08 3.2950E-03 1.949E-04
26.1 1023.0475 -0.3130 0.000936 -2.060E-05 9.1485E-07 -1.985E-08 3.3146E-03 1.960E-04
26.2 1023.0162 -0.3135 0.000934 -2.053E-05 9.1286E-07 -1.978E-08 3.3342E-03 1.970E-04
26.3 1022.9848 -0.3145 0.000932 -2.045E-05 9.1089E-07 -1.971E-08 3.3539E-03 1.980E-04
26.4 1022.9533 -0.3155 0.000930 -2.038E-05 9.0892E-07 -1.964E-08 3.3738E-03 1.990E-04
26.5 1022.9217 -0.3165 0.000928 -2.031E-05 9.0696E-07 -1.957E-08 3.3937E-03 2.000E-04
26.6 1022.8900 -0.3170 0.000926 -2.023E-05 9.0501E-07 -1.950E-08 3.4138E-03 2.011E-04
26.7 1022.8583 -0.3175 0.000924 -2.016E-05 9.0306E-07 -1.943E-08 3.4340E-03 2.021E-04
26.8 1022.8265 -0.3185 0.000922 -2.009E-05 9.0112E-07 -1.936E-08 3.4542E-03 2.031E-04
26.9 1022.7946 -0.3195 0.000920 -2.002E-05 8.9919E-07 -1.929E-08 3.4746E-03 2.042E-04
27.0 1022.7626 -0.3200 0.000918 -1.995E-05 8.9726E-07 -1.922E-08 3.4950E-03 2.052E-04
27.1 1022.7306 -0.3205 0.000916 -1.988E-05 8.9534E-07 -1.916E-08 3.5156E-03 2.063E-04
27.2 1022.6985 -0.3215 0.000914 -1.981E-05 8.9343E-07 -1.909E-08 3.5363E-03 2.073E-04
27.3 1022.6663 -0.3225 0.000912 -1.974E-05 8.9152E-07 -1.902E-08 3.5571E-03 2.084E-04
27.4 1022.6340 -0.3230 0.000910 -1.967E-05 8.8963E-07 -1.895E-08 3.5780E-03 2.095E-04
27.5 1022.6017 -0.3235 0.000908 -1.960E-05 8.8773E-07 -1.889E-08 3.5990E-03 2.105E-04
27.6 1022.5693 -0.3245 0.000906 -1.953E-05 8.8585E-07 -1.882E-08 3.6201E-03 2.116E-04
27.7 1022.5368 -0.3255 0.000904 -1.946E-05 8.8397E-07 -1.875E-08 3.6413E-03 2.127E-04
27.8 1022.5042 -0.3260 0.000902 -1.939E-05 8.8210E-07 -1.869E-08 3.6626E-03 2.138E-04
27.9 1022.4716 -0.3265 0.000900 -1.933E-05 8.8023E-07 -1.862E-08 3.6840E-03 2.148E-04
28.0 1022.4389 -0.3275 0.000898 -1.926E-05 8.7837E-07 -1.856E-08 3.7056E-03 2.159E-04
28.1 1022.4061 -0.3280 0.000896 -1.919E-05 8.7652E-07 -1.849E-08 3.7272E-03 2.170E-04
28.2 1022.3733 -0.3290 0.000894 -1.913E-05 8.7468E-07 -1.843E-08 3.7490E-03 2.181E-04
28.3 1022.3403 -0.3300 0.000892 -1.906E-05 8.7284E-07 -1.836E-08 3.7709E-03 2.192E-04
28.4 1022.3073 -0.3300 0.000890 -1.899E-05 8.7100E-07 -1.830E-08 3.7928E-03 2.204E-04
28.5 1022.2743 -0.3310 0.000889 -1.893E-05 8.6918E-07 -1.823E-08 3.8149E-03 2.215E-04
28.6 1022.2411 -0.3320 0.000887 -1.886E-05 8.6736E-07 -1.817E-08 3.8371E-03 2.226E-04
28.7 1022.2079 -0.3325 0.000885 -1.880E-05 8.6554E-07 -1.811E-08 3.8595E-03 2.237E-04
28.8 1022.1746 -0.3335 0.000883 -1.873E-05 8.6374E-07 -1.804E-08 3.8819E-03 2.249E-04
28.9 1022.1412 -0.3340 0.000881 -1.867E-05 8.6193E-07 -1.798E-08 3.9044E-03 2.260E-04
29.0 1022.1078 -0.3345 0.000879 -1.860E-05 8.6014E-07 -1.792E-08 3.9271E-03 2.271E-04
29.1 1022.0743 -0.3355 0.000877 -1.854E-05 8.5835E-07 -1.786E-08 3.9499E-03 2.283E-04
29.2 1022.0407 -0.3365 0.000875 -1.847E-05 8.5657E-07 -1.779E-08 3.9727E-03 2.294E-04
29.3 1022.0070 -0.3370 0.000874 -1.841E-05 8.5479E-07 -1.773E-08 3.9957E-03 2.306E-04
29.4 1021.9733 -0.3375 0.000872 -1.835E-05 8.5302E-07 -1.767E-08 4.0189E-03 2.317E-04
29.5 1021.9395 -0.3385 0.000870 -1.829E-05 8.5126E-07 -1.761E-08 4.0421E-03 2.329E-04
29.6 1021.9056 -0.3395 0.000868 -1.822E-05 8.4950E-07 -1.755E-08 4.0654E-03 2.341E-04
29.7 1021.8716 -0.3400 0.000866 -1.816E-05 8.4775E-07 -1.749E-08 4.0889E-03 2.352E-04
29.8 1021.8376 -0.3405 0.000864 -1.810E-05 8.4600E-07 -1.743E-08 4.1125E-03 2.364E-04
29.9 1021.8035 -0.3410 0.000863 -1.804E-05 8.4426E-07 -1.737E-08 4.1362E-03 2.376E-04
30.0 1021.7694 -0.3420 0.000861 -1.798E-05 8.4253E-07 -1.731E-08 4.1600E-03 2.388E-04
30.1 1021.7351 -0.3430 0.000859 -1.792E-05 8.4080E-07 -1.725E-08 4.1839E-03 2.400E-04
30.2 1021.7008 -0.3435 0.000857 -1.785E-05 8.3908E-07 -1.719E-08 4.2080E-03 2.412E-04
30.3 1021.6664 -0.3440 0.000856 -1.779E-05 8.3736E-07 -1.713E-08 4.2322E-03 2.424E-04
30.4 1021.6320 -0.3445 0.000854 -1.773E-05 8.3565E-07 -1.708E-08 4.2565E-03 2.436E-04
30.5 1021.5975 -0.3455 0.000852 -1.767E-05 8.3395E-07 -1.702E-08 4.2809E-03 2.448E-04
30.6 1021.5629 -0.3465 0.000850 -1.761E-05 8.3225E-07 -1.696E-08 4.3054E-03 2.460E-04
30.7 1021.5282 -0.3470 0.000848 -1.755E-05 8.3055E-07 -1.690E-08 4.3301E-03 2.473E-04
30.8 1021.4935 -0.3475 0.000847 -1.750E-05 8.2887E-07 -1.685E-08 4.3549E-03 2.485E-04
30.9 1021.4587 -0.3485 0.000845 -1.744E-05 8.2718E-07 -1.679E-08 4.3798E-03 2.497E-04
31.0 1021.4238 -0.3490 0.000843 -1.738E-05 8.2551E-07 -1.673E-08 4.4048E-03 2.510E-04
31.1 1021.3889 -0.3500 0.000841 -1.732E-05 8.2384E-07 -1.668E-08 4.4300E-03 2.522E-04
31.2 1021.3538 -0.3505 0.000840 -1.726E-05 8.2217E-07 -1.662E-08 4.4553E-03 2.535E-04
31.3 1021.3188 -0.3510 0.000838 -1.720E-05 8.2051E-07 -1.656E-08 4.4807E-03 2.547E-04
31.4 1021.2836 -0.3520 0.000836 -1.715E-05 8.1886E-07 -1.651E-08 4.5062E-03 2.560E-04
31.5 1021.2484 -0.3525 0.000835 -1.709E-05 8.1721E-07 -1.645E-08 4.5319E-03 2.572E-04
31.6 1021.2131 -0.3535 0.000833 -1.703E-05 8.1557E-07 -1.640E-08 4.5577E-03 2.585E-04
31.7 1021.1777 -0.3540 0.000831 -1.698E-05 8.1393E-07 -1.634E-08 4.5836E-03 2.598E-04
31.8 1021.1423 -0.3545 0.000829 -1.692E-05 8.1230E-07 -1.629E-08 4.6096E-03 2.611E-04
31.9 1021.1068 -0.3555 0.000828 -1.686E-05 8.1068E-07 -1.623E-08 4.6358E-03 2.624E-04
32.0 1021.0712 -0.3560 0.000826 -1.681E-05 8.0906E-07 -1.618E-08 4.6621E-03 2.636E-04
32.1 1021.0356 -0.3565 0.000824 -1.675E-05 8.0744E-07 -1.612E-08 4.6885E-03 2.649E-04
32.2 1020.9999 -0.3575 0.000823 -1.670E-05 8.0583E-07 -1.607E-08 4.7151E-03 2.662E-04
32.3 1020.9641 -0.3580 0.000821 -1.664E-05 8.0423E-07 -1.602E-08 4.7418E-03 2.676E-04
32.4 1020.9283 -0.3585 0.000819 -1.659E-05 8.0263E-07 -1.596E-08 4.7686E-03 2.689E-04
32.5 1020.8924 -0.3595 0.000818 -1.653E-05 8.0103E-07 -1.591E-08 4.7956E-03 2.702E-04
32.6 1020.8564 -0.3605 0.000816 -1.648E-05 7.9944E-07 -1.586E-08 4.8227E-03 2.715E-04
32.7 1020.8203 -0.3610 0.000814 -1.642E-05 7.9786E-07 -1.581E-08 4.8499E-03 2.728E-04
32.8 1020.7842 -0.3615 0.000813 -1.637E-05 7.9628E-07 -1.575E-08 4.8772E-03 2.742E-04
32.9 1020.7480 -0.3620 0.000811 -1.632E-05 7.9471E-07 -1.570E-08 4.9047E-03 2.755E-04
33.0 1020.7118 -0.3625 0.000810 -1.626E-05 7.9314E-07 -1.565E-08 4.9323E-03 2.769E-04
33.1 1020.6755 -0.3635 0.000808 -1.621E-05 7.9158E-07 -1.560E-08 4.9601E-03 2.782E-04
33.2 1020.6391 -0.3645 0.000806 -1.616E-05 7.9002E-07 -1.555E-08 4.9880E-03 2.796E-04
33.3 1020.6026 -0.3650 0.000805 -1.610E-05 7.8847E-07 -1.550E-08 5.0160E-03 2.809E-04
33.4 1020.5661 -0.3655 0.000803 -1.605E-05 7.8692E-07 -1.545E-08 5.0442E-03 2.823E-04
33.5 1020.5295 -0.3660 0.000802 -1.600E-05 7.8538E-07 -1.539E-08 5.0725E-03 2.837E-04
33.6 1020.4929 -0.3670 0.000800 -1.595E-05 7.8385E-07 -1.534E-08 5.1009E-03 2.851E-04
33.7 1020.4561 -0.3680 0.000798 -1.589E-05 7.8231E-07 -1.529E-08 5.1295E-03 2.864E-04
33.8 1020.4193 -0.3680 0.000797 -1.584E-05 7.8079E-07 -1.524E-08 5.1582E-03 2.878E-04
33.9 1020.3825 -0.3685 0.000795 -1.579E-05 7.7926E-07 -1.519E-08 5.1870E-03 2.892E-04
34.0 1020.3456 -0.3695 0.000794 -1.574E-05 7.7775E-07 -1.515E-08 5.2160E-03 2.906E-04
34.1 1020.3086 -0.3705 0.000792 -1.569E-05 7.7624E-07 -1.510E-08 5.2452E-03 2.920E-04
34.2 1020.2715 -0.3710 0.000790 -1.564E-05 7.7473E-07 -1.505E-08 5.2744E-03 2.934E-04
34.3 1020.2344 -0.3715 0.000789 -1.559E-05 7.7323E-07 -1.500E-08 5.3038E-03 2.949E-04
34.4 1020.1972 -0.3720 0.000787 -1.554E-05 7.7173E-07 -1.495E-08 5.3334E-03 2.963E-04
34.5 1020.1600 -0.3725 0.000786 -1.549E-05 7.7024E-07 -1.490E-08 5.3631E-03 2.977E-04
34.6 1020.1227 -0.3735 0.000784 -1.544E-05 7.6875E-07 -1.485E-08 5.3929E-03 2.991E-04
34.7 1020.0853 -0.3745 0.000783 -1.539E-05 7.6727E-07 -1.480E-08 5.4229E-03 3.006E-04
34.8 1020.0478 -0.3750 0.000781 -1.534E-05 7.6579E-07 -1.476E-08 5.4531E-03 3.020E-04
34.9 1020.0103 -0.3755 0.000780 -1.529E-05 7.6431E-07 -1.471E-08 5.4833E-03 3.035E-04
35.0 1019.9727 -0.3760 0.000778 -1.524E-05 7.6285E-07 -1.466E-08 5.5138E-03 3.049E-04
35.1 1019.9351 -0.3765 0.000777 -1.519E-05 7.6138E-07 -1.461E-08 5.5443E-03 3.064E-04
35.2 1019.8974 -0.3775 0.000775 -1.514E-05 7.5992E-07 -1.457E-08 5.5750E-03 3.079E-04
35.3 1019.8596 -0.3780 0.000774 -1.510E-05 7.5847E-07 -1.452E-08 5.6059E-03 3.094E-04
35.4 1019.8218 -0.3785 0.000772 -1.505E-05 7.5702E-07 -1.447E-08 5.6369E-03 3.108E-04
35.5 1019.7839 -0.3795 0.000771 -1.500E-05 7.5557E-07 -1.443E-08 5.6681E-03 3.123E-04
35.6 1019.7459 -0.3800 0.000769 -1.495E-05 7.5413E-07 -1.438E-08 5.6994E-03 3.138E-04
35.7 1019.7079 -0.3805 0.000768 -1.491E-05 7.5270E-07 -1.434E-08 5.7308E-03 3.153E-04
35.8 1019.6698 -0.3810 0.000766 -1.486E-05 7.5127E-07 -1.429E-08 5.7624E-03 3.168E-04
35.9 1019.6317 -0.3820 0.000765 -1.481E-05 7.4984E-07 -1.425E-08 5.7942E-03 3.183E-04
36.0 1019.5934 -0.3825 0.000763 -1.476E-05 7.4842E-07 -1.420E-08 5.8261E-03 3.199E-04
36.1 1019.5552 -0.3830 0.000762 -1.472E-05 7.4700E-07 -1.416E-08 5.8582E-03 3.214E-04
36.2 1019.5168 -0.3840 0.000760 -1.467E-05 7.4559E-07 -1.411E-08 5.8904E-03 3.229E-04
36.3 1019.4784 -0.3845 0.000759 -1.463E-05 7.4418E-07 -1.407E-08 5.9227E-03 3.244E-04
36.4 1019.4399 -0.3850 0.000757 -1.458E-05 7.4277E-07 -1.402E-08 5.9553E-03 3.260E-04
36.5 1019.4014 -0.3855 0.000756 -1.453E-05 7.4137E-07 -1.398E-08 5.9879E-03 3.275E-04
36.6 1019.3628 -0.3865 0.000754 -1.449E-05 7.3998E-07 -1.393E-08 6.0208E-03 3.291E-04
36.7 1019.3241 -0.3870 0.000753 -1.444E-05 7.3859E-07 -1.389E-08 6.0538E-03 3.306E-04
36.8 1019.2854 -0.3875 0.000751 -1.440E-05 7.3720E-07 -1.384E-08 6.0869E-03 3.322E-04
36.9 1019.2466 -0.3880 0.000750 -1.435E-05 7.3582E-07 -1.380E-08 6.1202E-03 3.338E-04
37.0 1019.2078 -0.3885 0.000749 -1.431E-05 7.3444E-07 -1.376E-08 6.1537E-03 3.354E-04
37.1 1019.1689 -0.3895 0.000747 -1.426E-05 7.3307E-07 -1.371E-08 6.1873E-03 3.369E-04
37.2 1019.1299 -0.3900 0.000746 -1.422E-05 7.3170E-07 -1.367E-08 6.2210E-03 3.385E-04
37.3 1019.0909 -0.3905 0.000744 -1.417E-05 7.3033E-07 -1.363E-08 6.2550E-03 3.401E-04
37.4 1019.0518 -0.3915 0.000743 -1.413E-05 7.2897E-07 -1.359E-08 6.2891E-03 3.417E-04
37.5 1019.0126 -0.3920 0.000741 -1.409E-05 7.2761E-07 -1.354E-08 6.3233E-03 3.433E-04
37.6 1018.9734 -0.3925 0.000740 -1.404E-05 7.2626E-07 -1.350E-08 6.3577E-03 3.450E-04
37.7 1018.9341 -0.3930 0.000739 -1.400E-05 7.2491E-07 -1.346E-08 6.3923E-03 3.466E-04
37.8 1018.8948 -0.3935 0.000737 -1.396E-05 7.2357E-07 -1.342E-08 6.4270E-03 3.482E-04
37.9 1018.8554 -0.3945 0.000736 -1.391E-05 7.2223E-07 -1.338E-08 6.4620E-03 3.498E-04
38.0 1018.8159 -0.3950 0.000734 -1.387E-05 7.2089E-07 -1.333E-08 6.4970E-03 3.515E-04
38.1 1018.7764 -0.3955 0.000733 -1.383E-05 7.1956E-07 -1.329E-08 6.5322E-03 3.531E-04
38.2 1018.7368 -0.3960 0.000732 -1.378E-05 7.1824E-07 -1.325E-08 6.5676E-03 3.548E-04
38.3 1018.6972 -0.3965 0.000730 -1.374E-05 7.1691E-07 -1.321E-08 6.6032E-03 3.564E-04
38.4 1018.6575 -0.3975 0.000729 -1.370E-05 7.1559E-07 -1.317E-08 6.6389E-03 3.581E-04
38.5 1018.6177 -0.3980 0.000728 -1.366E-05 7.1428E-07 -1.313E-08 6.6748E-03 3.598E-04
38.6 1018.5779 -0.3985 0.000726 -1.362E-05 7.1297E-07 -1.309E-08 6.7109E-03 3.615E-04
38.7 1018.5380 -0.3990 0.000725 -1.357E-05 7.1166E-07 -1.305E-08 6.7471E-03 3.631E-04
38.8 1018.4981 -0.3995 0.000723 -1.353E-05 7.1036E-07 -1.301E-08 6.7835E-03 3.648E-04
38.9 1018.4581 -0.4005 0.000722 -1.349E-05 7.0906E-07 -1.297E-08 6.8201E-03 3.665E-04
39.0 1018.4180 -0.4010 0.000721 -1.345E-05 7.0776E-07 -1.293E-08 6.8568E-03 3.682E-04
39.1 1018.3779 -0.4015 0.000719 -1.341E-05 7.0647E-07 -1.289E-08 6.8937E-03 3.700E-04
39.2 1018.3377 -0.4020 0.000718 -1.337E-05 7.0519E-07 -1.285E-08 6.9308E-03 3.717E-04
39.3 1018.2975 -0.4025 0.000717 -1.333E-05 7.0390E-07 -1.281E-08 6.9681E-03 3.734E-04
39.4 1018.2572 -0.4035 0.000715 -1.329E-05 7.0262E-07 -1.277E-08 7.0055E-03 3.751E-04
39.5 1018.2168 -0.4040 0.000714 -1.325E-05 7.0135E-07 -1.273E-08 7.0431E-03 3.769E-04
39.6 1018.1764 -0.4040 0.000713 -1.321E-05 7.0008E-07 -1.269E-08 7.0809E-03 3.786E-04
39.7 1018.1360 -0.4050 0.000711 -1.317E-05 6.9881E-07 -1.265E-08 7.1188E-03 3.804E-04
39.8 1018.0954 -0.4060 0.000710 -1.313E-05 6.9755E-07 -1.262E-08 7.1569E-03 3.821E-04
39.9 1018.0548 -0.4060 0.000709 -1.309E-05 6.9629E-07 -1.258E-08 7.1952E-03 3.839E-04
40.0 1018.0142 -0.4065 0.000708 -1.305E-05 6.9503E-07 -1.254E-08 7.2337E-03 3.857E-04
40.1 1017.9735 -0.4075 0.000706 -1.301E-05 6.9378E-07 -1.250E-08 7.2724E-03 3.874E-04
40.2 1017.9327 -0.4080 0.000705 -1.297E-05 6.9253E-07 -1.246E-08 7.3112E-03 3.892E-04
40.3 1017.8919 -0.4085 0.000704 -1.293E-05 6.9129E-07 -1.243E-08 7.3502E-03 3.910E-04
40.4 1017.8510 -0.4090 0.000702 -1.289E-05 6.9005E-07 -1.239E-08 7.3894E-03 3.928E-04
40.5 1017.8101 -0.4095 0.000701 -1.285E-05 6.8881E-07 -1.235E-08 7.4288E-03 3.946E-04
40.6 1017.7691 -0.4100 0.000700 -1.281E-05 6.8758E-07 -1.231E-08 7.4683E-03 3.964E-04
40.7 1017.7281 -0.4105 0.000699 -1.278E-05 6.8635E-07 -1.228E-08 7.5081E-03 3.983E-04
40.8 1017.6870 -0.4115 0.000697 -1.274E-05 6.8512E-07 -1.224E-08 7.5480E-03 4.001E-04
40.9 1017.6458 -0.4120 0.000696 -1.270E-05 6.8390E-07 -1.220E-08 7.5881E-03 4.019E-04
41.0 1017.6046 -0.4125 0.000695 -1.266E-05 6.8268E-07 -1.217E-08 7.6284E-03 4.038E-04
41.1 1017.5633 -0.4130 0.000693 -1.262E-05 6.8147E-07 -1.213E-08 7.6688E-03 4.056E-04
41.2 1017.5220 -0.4135 0.000692 -1.259E-05 6.8026E-07 -1.209E-08 7.7095E-03 4.075E-04
41.3 1017.4806 -0.4140 0.000691 -1.255E-05 6.7905E-07 -1.206E-08 7.7503E-03 4.093E-04
41.4 1017.4392 -0.4145 0.000690 -1.251E-05 6.7784E-07 -1.202E-08 7.7914E-03 4.112E-04
41.5 1017.3977 -0.4155 0.000688 -1.247E-05 6.7664E-07 -1.198E-08 7.8326E-03 4.131E-04
41.6 1017.3561 -0.4160 0.000687 -1.244E-05 6.7545E-07 -1.195E-08 7.8740E-03 4.149E-04
41.7 1017.3145 -0.4160 0.000686 -1.240E-05 6.7425E-07 -1.191E-08 7.9156E-03 4.168E-04
41.8 1017.2729 -0.4170 0.000685 -1.236E-05 6.7306E-07 -1.188E-08 7.9573E-03 4.187E-04
41.9 1017.2311 -0.4175 0.000683 -1.233E-05 6.7188E-07 -1.184E-08 7.9993E-03 4.206E-04
42.0 1017.1894 -0.4180 0.000682 -1.229E-05 6.7070E-07 -1.181E-08 8.0415E-03 4.225E-04
42.1 1017.1475 -0.4185 0.000681 -1.225E-05 6.6952E-07 -1.177E-08 8.0838E-03 4.245E-04
42.2 1017.1057 -0.4190 0.000680 -1.222E-05 6.6834E-07 -1.174E-08 8.1264E-03 4.264E-04
42.3 1017.0637 -0.4200 0.000679 -1.218E-05 6.6717E-07 -1.170E-08 8.1691E-03 4.283E-04
42.4 1017.0217 -0.4200 0.000677 -1.215E-05 6.6600E-07 -1.167E-08 8.2120E-03 4.303E-04
42.5 1016.9797 -0.4205 0.000676 -1.211E-05 6.6484E-07 -1.163E-08 8.2551E-03 4.322E-04
42.6 1016.9376 -0.4215 0.000675 -1.208E-05 6.6367E-07 -1.160E-08 8.2985E-03 4.342E-04
42.7 1016.8954 -0.4220 0.000674 -1.204E-05 6.6252E-07 -1.156E-08 8.3420E-03 4.361E-04
42.8 1016.8532 -0.4220 0.000673 -1.200E-05 6.6136E-07 -1.153E-08 8.3857E-03 4.381E-04
42.9 1016.8110 -0.4225 0.000671 -1.197E-05 6.6021E-07 -1.150E-08 8.4296E-03 4.401E-04
43.0 1016.7687 -0.4235 0.000670 -1.193E-05 6.5906E-07 -1.146E-08 8.4737E-03 4.420E-04
43.1 1016.7263 -0.4240 0.000669 -1.190E-05 6.5792E-07 -1.143E-08 8.5180E-03 4.440E-04
43.2 1016.6839 -0.4245 0.000668 -1.187E-05 6.5678E-07 -1.140E-08 8.5625E-03 4.460E-04
43.3 1016.6414 -0.4250 0.000667 -1.183E-05 6.5564E-07 -1.136E-08 8.6072E-03 4.480E-04
43.4 1016.5989 -0.4255 0.000665 -1.180E-05 6.5450E-07 -1.133E-08 8.6521E-03 4.501E-04
43.5 1016.5563 -0.4260 0.000664 -1.176E-05 6.5337E-07 -1.130E-08 8.6972E-03 4.521E-04
43.6 1016.5137 -0.4265 0.000663 -1.173E-05 6.5224E-07 -1.126E-08 8.7425E-03 4.541E-04
43.7 1016.4710 -0.4270 0.000662 -1.169E-05 6.5112E-07 -1.123E-08 8.7880E-03 4.561E-04
43.8 1016.4283 -0.4275 0.000661 -1.166E-05 6.5000E-07 -1.120E-08 8.8338E-03 4.582E-04
43.9 1016.3855 -0.4280 0.000660 -1.163E-05 6.4888E-07 -1.117E-08 8.8797E-03 4.602E-04
44.0 1016.3427 -0.4285 0.000658 -1.159E-05 6.4776E-07 -1.113E-08 8.9258E-03 4.623E-04
44.1 1016.2998 -0.4295 0.000657 -1.156E-05 6.4665E-07 -1.110E-08 8.9721E-03 4.644E-04
44.2 1016.2568 -0.4300 0.000656 -1.153E-05 6.4554E-07 -1.107E-08 9.0187E-03 4.664E-04
44.3 1016.2138 -0.4300 0.000655 -1.149E-05 6.4444E-07 -1.104E-08 9.0654E-03 4.685E-04
44.4 1016.1708 -0.4305 0.000654 -1.146E-05 6.4334E-07 -1.100E-08 9.1124E-03 4.706E-04
44.5 1016.1277 -0.4310 0.000653 -1.143E-05 6.4224E-07 -1.097E-08 9.1595E-03 4.727E-04
44.6 1016.0846 -0.4315 0.000651 -1.139E-05 6.4114E-07 -1.094E-08 9.2069E-03 4.748E-04
44.7 1016.0414 -0.4325 0.000650 -1.136E-05 6.4005E-07 -1.091E-08 9.2545E-03 4.769E-04
44.8 1015.9981 -0.4330 0.000649 -1.133E-05 6.3896E-07 -1.088E-08 9.3023E-03 4.790E-04
44.9 1015.9548 -0.4330 0.000648 -1.130E-05 6.3787E-07 -1.085E-08 9.3503E-03 4.812E-04
45.0 1015.9115 -0.4335 0.000647 -1.126E-05 6.3679E-07 -1.082E-08 9.3985E-03 4.833E-04
45.1 1015.8681 -0.4345 0.000646 -1.123E-05 6.3571E-07 -1.078E-08 9.4470E-03 4.854E-04
45.2 1015.8246 -0.4350 0.000645 -1.120E-05 6.3463E-07 -1.075E-08 9.4956E-03 4.876E-04
45.3 1015.7811 -0.4350 0.000644 -1.117E-05 6.3356E-07 -1.072E-08 9.5445E-03 4.897E-04
45.4 1015.7376 -0.4355 0.000642 -1.114E-05 6.3249E-07 -1.069E-08 9.5936E-03 4.919E-04
45.5 1015.6940 -0.4360 0.000641 -1.110E-05 6.3142E-07 -1.066E-08 9.6429E-03 4.941E-04
45.6 1015.6504 -0.4365 0.000640 -1.107E-05 6.3036E-07 -1.063E-08 9.6924E-03 4.963E-04
45.7 1015.6067 -0.4375 0.000639 -1.104E-05 6.2930E-07 -1.060E-08 9.7421E-03 4.984E-04
45.8 1015.5629 -0.4380 0.000638 -1.101E-05 6.2824E-07 -1.057E-08 9.7921E-03 5.006E-04
45.9 1015.5191 -0.4380 0.000637 -1.098E-05 6.2718E-07 -1.054E-08 9.8422E-03 5.028E-04
46.0 1015.4753 -0.4385 0.000636 -1.095E-05 6.2613E-07 -1.051E-08 9.8926E-03 5.051E-04
46.1 1015.4314 -0.4390 0.000635 -1.092E-05 6.2508E-07 -1.048E-08 9.9433E-03 5.073E-04
46.2 1015.3875 -0.4395 0.000634 -1.089E-05 6.2403E-07 -1.045E-08 9.9941E-03 5.095E-04
46.3 1015.3435 -0.4400 0.000633 -1.085E-05 6.2299E-07 -1.042E-08 1.0045E-02 5.118E-04
46.4 1015.2995 -0.4405 0.000631 -1.082E-05 6.2195E-07 -1.039E-08 1.0096E-02 5.140E-04
46.5 1015.2554 -0.4415 0.000630 -1.079E-05 6.2091E-07 -1.036E-08 1.0148E-02 5.163E-04
46.6 1015.2112 -0.4415 0.000629 -1.076E-05 6.1988E-07 -1.033E-08 1.0200E-02 5.185E-04
46.7 1015.1671 -0.4415 0.000628 -1.073E-05 6.1885E-07 -1.030E-08 1.0252E-02 5.208E-04
46.8 1015.1229 -0.4425 0.000627 -1.070E-05 6.1782E-07 -1.027E-08 1.0304E-02 5.231E-04
46.9 1015.0786 -0.4430 0.000626 -1.067E-05 6.1679E-07 -1.025E-08 1.0356E-02 5.253E-04
47.0 1015.0343 -0.4435 0.000625 -1.064E-05 6.1577E-07 -1.022E-08 1.0409E-02 5.276E-04
47.1 1014.9899 -0.4440 0.000624 -1.061E-05 6.1475E-07 -1.019E-08 1.0462E-02 5.299E-04
47.2 1014.9455 -0.4445 0.000623 -1.058E-05 6.1373E-07 -1.016E-08 1.0515E-02 5.323E-04
47.3 1014.9010 -0.4450 0.000622 -1.055E-05 6.1272E-07 -1.013E-08 1.0568E-02 5.346E-04
47.4 1014.8565 -0.4450 0.000621 -1.052E-05 6.1170E-07 -1.010E-08 1.0622E-02 5.369E-04
47.5 1014.8120 -0.4455 0.000620 -1.050E-05 6.1069E-07 -1.007E-08 1.0676E-02 5.392E-04
47.6 1014.7674 -0.4460 0.000619 -1.047E-05 6.0969E-07 -1.005E-08 1.0730E-02 5.416E-04
47.7 1014.7228 -0.4465 0.000618 -1.044E-05 6.0869E-07 -1.002E-08 1.0784E-02 5.439E-04
47.8 1014.6781 -0.4470 0.000617 -1.041E-05 6.0769E-07 -9.990E-09 1.0838E-02 5.463E-04
47.9 1014.6334 -0.4475 0.000616 -1.038E-05 6.0669E-07 -9.962E-09 1.0893E-02 5.487E-04
48.0 1014.5886 -0.4480 0.000615 -1.035E-05 6.0569E-07 -9.934E-09 1.0948E-02 5.510E-04
48.1 1014.5438 -0.4485 0.000613 -1.032E-05 6.0470E-07 -9.906E-09 1.1003E-02 5.534E-04
48.2 1014.4989 -0.4490 0.000612 -1.029E-05 6.0371E-07 -9.879E-09 1.1059E-02 5.558E-04
48.3 1014.4540 -0.4495 0.000611 -1.026E-05 6.0273E-07 -9.851E-09 1.1115E-02 5.582E-04
48.4 1014.4090 -0.4500 0.000610 -1.024E-05 6.0174E-07 -9.824E-09 1.1171E-02 5.606E-04
48.5 1014.3640 -0.4500 0.000609 -1.021E-05 6.0076E-07 -9.797E-09 1.1227E-02 5.630E-04
48.6 1014.3190 -0.4505 0.000608 -1.018E-05 5.9978E-07 -9.770E-09 1.1283E-02 5.655E-04
48.7 1014.2739 -0.4510 0.000607 -1.015E-05 5.9881E-07 -9.743E-09 1.1340E-02 5.679E-04
48.8 1014.2288 -0.4515 0.000606 -1.012E-05 5.9783E-07 -9.716E-09 1.1397E-02 5.704E-04
48.9 1014.1836 -0.4520 0.000605 -1.010E-05 5.9686E-07 -9.689E-09 1.1454E-02 5.728E-04
49.0 1014.1384 -0.4525 0.000604 -1.007E-05 5.9590E-07 -9.662E-09 1.1511E-02 5.753E-04
49.1 1014.0931 -0.4530 0.000603 -1.004E-05 5.9493E-07 -9.635E-09 1.1569E-02 5.777E-04
49.2 1014.0478 -0.4530 0.000602 -1.001E-05 5.9397E-07 -9.609E-09 1.1627E-02 5.802E-04
49.3 1014.0025 -0.4535 0.000601 -9.986E-06 5.9301E-07 -9.583E-09 1.1685E-02 5.827E-04
49.4 1013.9571 -0.4540 0.000600 -9.959E-06 5.9205E-07 -9.557E-09 1.1743E-02 5.852E-04
49.5 1013.9117 -0.4545 0.000599 -9.931E-06 5.9110E-07 -9.530E-09 1.1802E-02 5.877E-04
49.6 1013.8662 -0.4550 0.000598 -9.904E-06 5.9015E-07 -9.504E-09 1.1861E-02 5.902E-04
49.7 1013.8207 -0.4555 0.000597 -9.877E-06 5.8920E-07 -9.478E-09 1.1920E-02 5.928E-04
49.8 1013.7751 -0.4560 0.000596 -9.850E-06 5.8825E-07 -9.452E-09 1.1979E-02 5.953E-04
49.9 1013.7295 -0.4560 0.000595 -9.823E-06 5.8731E-07 -9.426E-09 1.2039E-02 5.978E-04
50.0 1013.6839 0 0.000594 0 5.8637E-07 0 1.2099E-02 0
